姓名 | 出场 | 时间 | 投篮命中 | 投篮出手 | 投篮命中率 | 三分命中 | 三分出手 | 三分命中率 | 罚球命中 | 罚球出手 | 罚球命中率 | 篮板 | 助攻 | 抢断 | 盖帽 | 失误 | 犯规 | 得分
ZachRandolph | 59 | 25.4 | 6.1 | 12.9 | 0.473 | 0.9 | 2.5 | 0.345 | 1.4 | 1.8 | 0.785 | 6.7 | 2.2 | 0.71 | 0.17 | 1.97 | 2.02 | 14.6
BogdanBogdanovic | 79 | 27.7 | 4.5 | 10.0 | 0.44799999999999995 | 1.7 | 4.3 | 0.39799999999999996 | 1.3 | 1.5 | 0.835 | 2.9 | 3.3 | 0.92 | 0.20 | 1.62 | 2.19 | 11.9
DeAaronFox | 74 | 27.4 | 4.5 | 10.9 | 0.41100000000000003 | 0.6 | 2.1 | 0.303 | 1.9 | 2.6 | 0.723 | 2.8 | 4.4 | 0.95 | 0.27 | 2.36 | 2.20 | 11.5
WillieCauleyStein | 73 | 27.9 | 5.3 | 10.6 | 0.503 | 0.0 | 0.2 | 0.231 | 2.1 | 3.4 | 0.619 | 7.0 | 2.4 | 1.07 | 0.90 | 1.49 | 2.53 | 12.8
BuddyHield | 81 | 25.2 | 5.3 | 11.8 | 0.44799999999999995 | 2.2 | 5.2 | 0.43 | 0.9 | 1 | 0.877 | 3.8 | 2.0 | 1.09 | 0.27 | 1.56 | 1.86 | 13.7
JustinJackson | 51 | 23.5 | 2.8 | 6.1 | 0.455 | 0.8 | 2.7 | 0.302 | 0.4 | 0.5 | 0.769 | 3.1 | 1.3 | 0.49 | 0.22 | 0.53 | 1.27 | 6.8
HarryGilesIII | 0.0 | 0.0 | 0.0 | 0.0 | 0.0 | 0.0 | 0.0 | 0.0 | 0.0 | 0.0 | 0.0 | 0.0 | 0.0 | 0.0 | 0.0 | 0.0 | 0.0 | 0.0
SkalLabissiere | 60 | 21.1 | 3.4 | 7.6 | 0.44799999999999995 | 0.3 | 0.8 | 0.353 | 1.6 | 2.0 | 0.805 | 4.8 | 1.2 | 0.42 | 0.82 | 1.22 | 2.20 | 8.7
FrankMason | 52 | 18.8 | 2.8 | 7.3 | 0.37799999999999995 | 0.6 | 1.7 | 0.36 | 1.8 | 2.2 | 0.8170000000000001 | 2.5 | 2.8 | 0.65 | 0.19 | 1.25 | 1.38 | 7.9
JackCooley | 7 | 12.3 | 1.9 | 3.9 | 0.48100000000000004 | 0 | 0 | 0.0 | 2.0 | 2.7 | 0.737 | 4.3 | 0.9 | 0.14 | 0 | 0.43 | 1.86 | 5.7
JaKarrSampson | 22 | 15.6 | 2.0 | 3.7 | 0.5429999999999999 | 0.2 | 0.5 | 0.5 | 0.5 | 0.7 | 0.625 | 3.5 | 0.4 | 0.36 | 1 | 0.36 | 2.18 | 4.7
MarvinBagley | 0.0 | 0.0 | 0.0 | 0.0 | 0.0 | 0.0 | 0.0 | 0.0 | 0.0 | 0.0 | 0.0 | 0.0 | 0.0 | 0.0 | 0.0 | 0.0 | 0.0 | 0.0
KentBazemore | 65 | 27.4 | 4.4 | 10.4 | 0.42 | 1.7 | 4.2 | 0.39399999999999996 | 2.5 | 3.1 | 0.7959999999999999 | 3.8 | 3.5 | 1.54 | 0.69 | 2.42 | 2.26 | 12.9
DennisSchroder | 67 | 30.9 | 7.5 | 17.1 | 0.43700000000000006 | 1.1 | 3.9 | 0.29 | 3.4 | 4.0 | 0.8490000000000001 | 3.1 | 6.2 | 1.09 | 0.09 | 2.73 | 2.19 | 19.4
MilesPlumlee | 55 | 16.7 | 1.9 | 3.3 | 0.583 | 0 | 0 | 0.0 | 0.5 | 1.1 | 0.45 | 4.1 | 0.8 | 0.31 | 0.55 | 1.15 | 1.44 | 4.3
DewayneDedmon | 62 | 24.7 | 4.0 | 7.7 | 0.524 | 0.8 | 2.3 | 0.355 | 1.1 | 1.4 | 0.779 | 7.9 | 1.5 | 0.65 | 0.82 | 1.39 | 2.61 | 10.0
MikeMuscala | 53 | 19.9 | 2.7 | 5.9 | 0.457 | 1.2 | 3.2 | 0.371 | 1.1 | 1.2 | 0.919 | 4.3 | 1.0 | 0.58 | 0.51 | 0.79 | 1.51 | 7.6
TaureanPrince | 83 | 29.8 | 5.0 | 11.8 | 0.426 | 2.1 | 5.5 | 0.387 | 1.8 | 2.2 | 0.8440000000000001 | 4.7 | 2.6 | 1.04 | 0.51 | 2.31 | 2.05 | 14.0
JohnCollins | 75 | 24.0 | 4.3 | 7.4 | 0.5760000000000001 | 0.2 | 0.6 | 0.34 | 1.8 | 2.5 | 0.713 | 7.3 | 1.3 | 0.65 | 1.08 | 1.44 | 2.91 | 10.5
DeAndreBembry | 26 | 17.4 | 2.0 | 4.9 | 0.41700000000000004 | 0.4 | 1.2 | 0.36700000000000005 | 0.7 | 1.3 | 0.5760000000000001 | 2.8 | 1.9 | 0.81 | 0.46 | 1.81 | 1.46 | 5.2
TylerDorsey | 56 | 17.4 | 2.6 | 6.9 | 0.375 | 1.3 | 3.6 | 0.36 | 0.8 | 1.1 | 0.7140000000000001 | 2.3 | 1.4 | 0.29 | 0.09 | 0.64 | 1.12 | 7.2
AndrewWhiteIII | 15 | 13.9 | 1.7 | 4.9 | 0.342 | 1.2 | 3.3 | 0.36700000000000005 | 0.1 | 0.3 | 0.25 | 2.3 | 0.4 | 0.20 | 0.07 | 0.53 | 0.80 | 4.6
JaylenMorris | 6 | 16.7 | 2.2 | 5.2 | 0.419 | 0.3 | 1.5 | 0.222 | 0 | 0 | 0.0 | 2.7 | 1.2 | 0.33 | 0.17 | 1 | 0.33 | 4.7
JaylenAdams | 0.0 | 0.0 | 0.0 | 0.0 | 0.0 | 0.0 | 0.0 | 0.0 | 0.0 | 0.0 | 0.0 | 0.0 | 0.0 | 0.0 | 0.0 | 0.0 | 0.0 | 0.0
KevinHuerter | 0.0 | 0.0 | 0.0 | 0.0 | 0.0 | 0.0 | 0.0 | 0.0 | 0.0 | 0.0 | 0.0 | 0.0 | 0.0 | 0.0 | 0.0 | 0.0 | 0.0 | 0.0
TraeYoung | 0.0 | 0.0 | 0.0 | 0.0 | 0.0 | 0.0 | 0.0 | 0.0 | 0.0 | 0.0 | 0.0 | 0.0 | 0.0 | 0.0 | 0.0 | 0.0 | 0.0 | 0.0
JeremyEvans | 1 | 5.0 | 1 | 1 | 1.0 | 0 | 0 | 0.0 | 0 | 0 | 0.0 | 1 | 0 | 0 | 0 | 1 | 1 | 2.0
AntoniusCleveland | 17 | 7.1 | 0.5 | 1.2 | 0.381 | 0.2 | 0.2 | 0.75 | 0.2 | 0.4 | 0.667 | 0.8 | 0.1 | 0.41 | 0.29 | 0.41 | 1.35 | 1.4
OmariSpellman | 0.0 | 0.0 | 0.0 | 0.0 | 0.0 | 0.0 | 0.0 | 0.0 | 0.0 | 0.0 | 0.0 | 0.0 | 0.0 | 0.0 | 0.0 | 0.0 | 0.0 | 0.0
AllenCrabbe | 75 | 29.2 | 4.5 | 11.0 | 0.40700000000000003 | 2.7 | 7.1 | 0.37799999999999995 | 1.5 | 1.8 | 0.852 | 4.3 | 1.6 | 0.63 | 0.48 | 1.03 | 2.24 | 13.2
DeMarreCarroll | 73 | 29.8 | 4.5 | 10.8 | 0.413 | 2.0 | 5.4 | 0.37 | 2.6 | 3.4 | 0.764 | 6.5 | 2.0 | 0.82 | 0.41 | 1.41 | 2.26 | 13.5
JeremyLin | 1 | 25.0 | 5.0 | 12.0 | 0.41700000000000004 | 1 | 2.0 | 0.5 | 7.0 | 7.0 | 1.0 | 0 | 4.0 | 0 | 0 | 3.00 | 3.00 | 18.0
DAngeloRussell | 48 | 25.6 | 5.8 | 14.0 | 0.415 | 1.9 | 5.8 | 0.324 | 2.0 | 2.7 | 0.74 | 3.9 | 5.2 | 0.75 | 0.35 | 3.06 | 1.94 | 15.5
JarrettAllen | 72 | 19.9 | 3.2 | 5.5 | 0.589 | 0.1 | 0.2 | 0.33299999999999996 | 1.6 | 2.0 | 0.7759999999999999 | 5.4 | 0.7 | 0.39 | 1.24 | 1.14 | 2.04 | 8.2
CarisLeVert | 71 | 26.1 | 4.5 | 10.4 | 0.435 | 1.2 | 3.5 | 0.34700000000000003 | 1.9 | 2.6 | 0.711 | 3.7 | 4.2 | 1.15 | 0.31 | 2.15 | 2.24 | 12.1
SpencerDinwiddie | 80 | 28.7 | 4.0 | 10.5 | 0.387 | 1.8 | 5.4 | 0.326 | 2.7 | 3.4 | 0.813 | 3.2 | 6.5 | 0.85 | 0.30 | 1.61 | 2.33 | 12.6
RondaeHollisJefferson | 68 | 28.1 | 5.0 | 10.6 | 0.47200000000000003 | 0.2 | 0.8 | 0.24100000000000002 | 3.7 | 4.6 | 0.7879999999999999 | 6.8 | 2.4 | 0.97 | 0.71 | 1.79 | 2.13 | 13.9
IsaiahWhitehead | 16 | 11.2 | 2.5 | 5.4 | 0.46 | 0.4 | 1.1 | 0.389 | 0.8 | 1.2 | 0.684 | 1.6 | 1.2 | 0.50 | 0.12 | 1.50 | 1.44 | 6.2
MiltonDoyle | 10 | 12.0 | 1.3 | 4.7 | 0.27699999999999997 | 0.4 | 2.3 | 0.174 | 0.4 | 0.8 | 0.5 | 1.8 | 1 | 0.60 | 0.20 | 0.20 | 1.30 | 3.4
JamesWebbIII | 10 | 12.0 | 0.6 | 2.4 | 0.25 | 0.4 | 1.9 | 0.21100000000000002 | 0 | 0 | 0.0 | 2.4 | 0.4 | 0.10 | 0 | 0.40 | 1 | 1.6
JoeHarris | 78 | 25.2 | 3.9 | 8.0 | 0.49 | 1.9 | 4.6 | 0.419 | 1.1 | 1.3 | 0.8270000000000001 | 3.3 | 1.6 | 0.45 | 0.26 | 1.18 | 1.96 | 10.8
EdDavis | 78 | 18.7 | 2.2 | 3.7 | 0.5820000000000001 | 0 | 0.0 | 0.0 | 0.9 | 1.4 | 0.667 | 7.4 | 0.5 | 0.40 | 0.68 | 0.85 | 2.41 | 5.3
DzananMusa | 0.0 | 0.0 | 0.0 | 0.0 | 0.0 | 0.0 | 0.0 | 0.0 | 0.0 | 0.0 | 0.0 | 0.0 | 0.0 | 0.0 | 0.0 | 0.0 | 0.0 | 0.0
RodionsKurucs | 0.0 | 0.0 | 0.0 | 0.0 | 0.0 | 0.0 | 0.0 | 0.0 | 0.0 | 0.0 | 0.0 | 0.0 | 0.0 | 0.0 | 0.0 | 0.0 | 0.0 | 0.0
HassanWhiteside | 54 | 25.2 | 5.8 | 10.7 | 0.54 | 0.0 | 0.0 | 1.0 | 2.4 | 3.4 | 0.703 | 11.4 | 1 | 0.72 | 1.74 | 1.72 | 2.43 | 14.0
GoranDragic | 76 | 31.4 | 6.4 | 14.2 | 0.45 | 1.5 | 4.0 | 0.369 | 2.9 | 3.6 | 0.8009999999999999 | 4.1 | 4.7 | 0.83 | 0.16 | 2.20 | 2.39 | 17.1
JamesJohnson | 73 | 26.5 | 4.2 | 8.4 | 0.503 | 0.8 | 2.5 | 0.308 | 1.5 | 2.2 | 0.698 | 4.9 | 3.8 | 0.96 | 0.71 | 1.96 | 2.63 | 10.8
DionWaiters | 30 | 30.4 | 5.4 | 13.7 | 0.39799999999999996 | 1.7 | 5.7 | 0.306 | 1.7 | 2.3 | 0.7390000000000001 | 2.6 | 3.8 | 0.73 | 0.30 | 2.33 | 2.03 | 14.3
KellyOlynyk | 76 | 23.3 | 4.2 | 8.4 | 0.49700000000000005 | 1.4 | 3.7 | 0.379 | 1.8 | 2.3 | 0.77 | 5.7 | 2.7 | 0.82 | 0.46 | 1.95 | 2.92 | 11.5
TylerJohnson | 72 | 28.4 | 4.3 | 9.9 | 0.435 | 1.7 | 4.5 | 0.36700000000000005 | 1.5 | 1.8 | 0.8220000000000001 | 3.4 | 2.3 | 0.83 | 0.47 | 1.12 | 2.06 | 11.7
JustiseWinslow | 68 | 24.6 | 3.0 | 7.2 | 0.425 | 0.7 | 1.9 | 0.377 | 1.0 | 1.5 | 0.635 | 5.4 | 2.2 | 0.78 | 0.49 | 1.13 | 2.06 | 7.8
BamAdebayo | 69 | 19.8 | 2.5 | 4.9 | 0.512 | 0 | 0.1 | 0.0 | 1.9 | 2.6 | 0.721 | 5.5 | 1.5 | 0.46 | 0.61 | 0.97 | 2.00 | 6.9
JoshRichardson | 81 | 33.1 | 4.9 | 10.9 | 0.451 | 1.6 | 4.1 | 0.37799999999999995 | 1.5 | 1.8 | 0.845 | 3.5 | 2.9 | 1.51 | 0.91 | 1.70 | 2.46 | 12.9
JordanMickey | 23 | 12.4 | 1.7 | 3.6 | 0.47600000000000003 | 0.1 | 0.7 | 0.125 | 0.6 | 0.8 | 0.684 | 3.5 | 0.4 | 0.26 | 0.43 | 0.78 | 1.57 | 4.0
RodneyMcGruder | 18 | 16.7 | 2.0 | 4.1 | 0.493 | 0.8 | 1.9 | 0.429 | 0.2 | 0.4 | 0.5 | 1.8 | 0.9 | 0.44 | 0.17 | 0.22 | 1.17 | 5.1
DerrickJonesJr | 20 | 12.2 | 1.1 | 2.6 | 0.396 | 0.1 | 0.9 | 0.16699999999999998 | 0.8 | 1.2 | 0.667 | 1.9 | 0.4 | 0.20 | 0.65 | 0.35 | 1.20 | 3.0
DerrickWaltonJr | 16 | 9.1 | 0.5 | 1.6 | 0.32 | 0.4 | 1.1 | 0.41200000000000003 | 0.4 | 0.4 | 1.0 | 1 | 1 | 0.44 | 0.19 | 0.12 | 0.44 | 1.8
DuncanRobinson | 0.0 | 0.0 | 0.0 | 0.0 | 0.0 | 0.0 | 0.0 | 0.0 | 0.0 | 0.0 | 0.0 | 0.0 | 0.0 | 0.0 | 0.0 | 0.0 | 0.0 | 0.0
EvanFournier | 57 | 32.0 | 6.5 | 14.1 | 0.45899999999999996 | 2.2 | 5.9 | 0.379 | 2.6 | 3.0 | 0.867 | 3.1 | 2.9 | 0.82 | 0.28 | 1.67 | 2.42 | 17.8
TimofeyMozgov | 31 | 11.2 | 1.7 | 3.0 | 0.5589999999999999 | 0.1 | 0.6 | 0.222 | 0.7 | 1.0 | 0.767 | 3.2 | 0.4 | 0.16 | 0.42 | 1.06 | 1.26 | 4.2
NikolaVucevic | 57 | 29.4 | 7.0 | 14.7 | 0.475 | 1.1 | 3.6 | 0.314 | 1.4 | 1.6 | 0.8190000000000001 | 9.2 | 3.4 | 0.98 | 1.11 | 1.93 | 2.53 | 16.5
TerrenceRoss | 24 | 24.7 | 3.2 | 8.0 | 0.39799999999999996 | 1.2 | 3.9 | 0.32299999999999995 | 1.1 | 1.5 | 0.75 | 3.0 | 1.6 | 1.12 | 0.50 | 1.21 | 1.88 | 8.7
DJDJAugustin | 75 | 23.4 | 3.3 | 7.2 | 0.45299999999999996 | 1.5 | 3.6 | 0.419 | 2.2 | 2.5 | 0.868 | 2.1 | 3.8 | 0.71 | 0 | 1.63 | 1.25 | 10.2
JonathonSimmons | 69 | 29.3 | 5.1 | 11.0 | 0.465 | 1 | 3.0 | 0.33799999999999997 | 2.7 | 3.5 | 0.768 | 3.5 | 2.5 | 0.83 | 0.25 | 2.12 | 2.54 | 13.9
AaronGordon | 58 | 32.9 | 6.5 | 14.9 | 0.434 | 2.0 | 5.9 | 0.336 | 2.7 | 3.9 | 0.698 | 7.9 | 2.3 | 1 | 0.78 | 1.84 | 1.91 | 17.6
JonathanIsaac | 27 | 19.7 | 2.0 | 5.3 | 0.382 | 0.6 | 1.7 | 0.348 | 0.7 | 0.9 | 0.76 | 3.7 | 0.7 | 1.22 | 1.07 | 1 | 1.78 | 5.4
JerianGrant | 74 | 22.7 | 2.8 | 6.8 | 0.415 | 0.8 | 2.5 | 0.324 | 1.9 | 2.5 | 0.745 | 2.4 | 4.6 | 0.84 | 0.11 | 1.20 | 1.78 | 8.4
WesIwundu | 62 | 16.4 | 1.5 | 3.5 | 0.42700000000000005 | 0.1 | 0.7 | 0.196 | 0.5 | 0.8 | 0.723 | 2.2 | 0.9 | 0.53 | 0.19 | 0.48 | 1.31 | 3.7
KhemBirch | 42 | 13.8 | 1.6 | 3.0 | 0.54 | 0 | 0 | 0.0 | 1 | 1.5 | 0.6890000000000001 | 4.3 | 0.8 | 0.36 | 0.50 | 0.50 | 1.33 | 4.2
RodneyPurvis | 16 | 18.2 | 2.2 | 6.7 | 0.327 | 0.8 | 3.2 | 0.25 | 0.8 | 0.9 | 0.867 | 1.7 | 1.1 | 0.19 | 0.19 | 0.62 | 1.62 | 6.0
TroyCaupain | 0.0 | 0.0 | 0.0 | 0.0 | 0.0 | 0.0 | 0.0 | 0.0 | 0.0 | 0.0 | 0.0 | 0.0 | 0.0 | 0.0 | 0.0 | 0.0 | 0.0 | 0.0
IsaiahBriscoe | 0.0 | 0.0 | 0.0 | 0.0 | 0.0 | 0.0 | 0.0 | 0.0 | 0.0 | 0.0 | 0.0 | 0.0 | 0.0 | 0.0 | 0.0 | 0.0 | 0.0 | 0.0
MohamedBamba | 0.0 | 0.0 | 0.0 | 0.0 | 0.0 | 0.0 | 0.0 | 0.0 | 0.0 | 0.0 | 0.0 | 0.0 | 0.0 | 0.0 | 0.0 | 0.0 | 0.0 | 0.0
MelvinFrazier | 0.0 | 0.0 | 0.0 | 0.0 | 0.0 | 0.0 | 0.0 | 0.0 | 0.0 | 0.0 | 0.0 | 0.0 | 0.0 | 0.0 | 0.0 | 0.0 | 0.0 | 0.0
JustinJackson | 0.0 | 0.0 | 0.0 | 0.0 | 0.0 | 0.0 | 0.0 | 0.0 | 0.0 | 0.0 | 0.0 | 0.0 | 0.0 | 0.0 | 0.0 | 0.0 | 0.0 | 0.0
JeffTeague | 70 | 32.9 | 5.1 | 11.3 | 0.446 | 1.2 | 3.3 | 0.368 | 2.9 | 3.4 | 0.845 | 3.0 | 7.0 | 1.46 | 0.31 | 2.53 | 2.44 | 14.2
JimmyButler | 59 | 36.5 | 7.4 | 15.6 | 0.474 | 1.2 | 3.4 | 0.35 | 6.2 | 7.2 | 0.8540000000000001 | 5.3 | 4.9 | 1.98 | 0.41 | 1.83 | 1.32 | 22.2
GorguiDieng | 79 | 16.8 | 2.4 | 4.9 | 0.479 | 0.2 | 0.8 | 0.311 | 1 | 1.3 | 0.775 | 4.5 | 0.9 | 0.57 | 0.49 | 0.75 | 1.86 | 5.9
TajGibson | 82 | 33.1 | 5.2 | 9.0 | 0.5770000000000001 | 0.1 | 0.4 | 0.2 | 1.7 | 2.3 | 0.768 | 7.1 | 1.2 | 0.76 | 0.71 | 1.09 | 2.66 | 12.2
AndrewWiggins | 82 | 36.3 | 6.9 | 15.9 | 0.43799999999999994 | 1.4 | 4.1 | 0.331 | 2.5 | 3.8 | 0.643 | 4.4 | 2.0 | 1.11 | 0.63 | 1.68 | 1.99 | 17.7
KarlAnthonyTowns | 83 | 35.3 | 7.8 | 14.2 | 0.547 | 1.5 | 3.5 | 0.419 | 4.2 | 4.9 | 0.8590000000000001 | 12.3 | 2.4 | 0.77 | 1.40 | 1.94 | 3.45 | 21.2
JustinPatton | 1 | 4.0 | 1 | 2.0 | 0.5 | 0 | 0 | 0.0 | 0 | 0 | 0.0 | 0 | 0 | 1 | 0 | 0 | 1 | 2.0
TyusJones | 82 | 17.8 | 1.8 | 4.0 | 0.457 | 0.5 | 1.6 | 0.349 | 0.9 | 1.0 | 0.877 | 1.6 | 2.8 | 1.16 | 0.06 | 0.72 | 1.34 | 5.1
AnthonyBrown | 1 | 4.0 | 1 | 1 | 1.0 | 1 | 1 | 1.0 | 0 | 0 | 0.0 | 0 | 1 | 0 | 0 | 0 | 0 | 3.0
AmileJefferson | 0.0 | 0.0 | 0.0 | 0.0 | 0.0 | 0.0 | 0.0 | 0.0 | 0.0 | 0.0 | 0.0 | 0.0 | 0.0 | 0.0 | 0.0 | 0.0 | 0.0 | 0.0
JaredTerrell | 0.0 | 0.0 | 0.0 | 0.0 | 0.0 | 0.0 | 0.0 | 0.0 | 0.0 | 0.0 | 0.0 | 0.0 | 0.0 | 0.0 | 0.0 | 0.0 | 0.0 | 0.0
AnthonyTolliver | 79 | 22.2 | 2.8 | 6.0 | 0.46399999999999997 | 2.0 | 4.6 | 0.436 | 1.3 | 1.7 | 0.797 | 3.1 | 1.1 | 0.41 | 0.27 | 0.72 | 1.82 | 8.9
KeitaBatesDiop | 0.0 | 0.0 | 0.0 | 0.0 | 0.0 | 0.0 | 0.0 | 0.0 | 0.0 | 0.0 | 0.0 | 0.0 | 0.0 | 0.0 | 0.0 | 0.0 | 0.0 | 0.0
DerrickRose | 25 | 16.6 | 3.2 | 7.4 | 0.435 | 0.3 | 1.2 | 0.233 | 1.6 | 1.8 | 0.87 | 1.4 | 1.5 | 0.28 | 0.16 | 1.40 | 0.64 | 8.4
JoshOkogie | 0.0 | 0.0 | 0.0 | 0.0 | 0.0 | 0.0 | 0.0 | 0.0 | 0.0 | 0.0 | 0.0 | 0.0 | 0.0 | 0.0 | 0.0 | 0.0 | 0.0 | 0.0
PaulMillsap | 38 | 29.9 | 5.3 | 11.5 | 0.46299999999999997 | 1.0 | 3.0 | 0.345 | 2.9 | 4.2 | 0.696 | 6.4 | 2.7 | 1.03 | 1.16 | 1.92 | 2.61 | 14.6
MasonPlumlee | 74 | 19.3 | 3.0 | 5.0 | 0.601 | 0 | 0.0 | 0.0 | 1.1 | 2.4 | 0.45799999999999996 | 5.4 | 1.9 | 0.66 | 1.08 | 1.42 | 2.49 | 7.1
KennethFaried | 32 | 14.1 | 2.4 | 4.6 | 0.514 | 0 | 0.0 | 0.0 | 1.1 | 1.6 | 0.706 | 4.8 | 0.6 | 0.38 | 0.41 | 0.72 | 1.59 | 5.9
DarrellArthur | 19 | 7.4 | 1.2 | 2.5 | 0.46799999999999997 | 0.4 | 1.2 | 0.348 | 0.1 | 0.2 | 0.667 | 0.8 | 0.5 | 0.42 | 0.16 | 0.79 | 1.16 | 2.8
JamalMurray | 82 | 31.5 | 5.9 | 13.1 | 0.45299999999999996 | 2.0 | 5.4 | 0.38 | 2.8 | 3.1 | 0.9059999999999999 | 3.7 | 3.4 | 0.99 | 0.35 | 2.12 | 2.12 | 16.7
GaryHarris | 67 | 34.2 | 6.6 | 13.6 | 0.485 | 2.3 | 5.9 | 0.396 | 2.0 | 2.4 | 0.8270000000000001 | 2.6 | 2.9 | 1.84 | 0.22 | 1.76 | 1.78 | 17.5
TreyLyles | 73 | 19.0 | 3.7 | 7.5 | 0.491 | 1.1 | 3.0 | 0.381 | 1.4 | 2.0 | 0.706 | 4.7 | 1.2 | 0.41 | 0.47 | 0.84 | 1.52 | 9.9
JuanchoHernangomez | 25 | 11.0 | 1.2 | 3.0 | 0.387 | 0.6 | 2.0 | 0.28 | 0.4 | 0.5 | 0.833 | 2.2 | 0.5 | 0.24 | 0.12 | 0.36 | 1 | 3.3
MalikBeasley | 62 | 9.4 | 1.2 | 2.9 | 0.41 | 0.5 | 1.3 | 0.341 | 0.4 | 0.5 | 0.667 | 1.1 | 0.5 | 0.24 | 0.11 | 0.39 | 0.58 | 3.2
TylerLydon | 1 | 2.0 | 0 | 0 | 0.0 | 0 | 0 | 0.0 | 0 | 0 | 0.0 | 0 | 0 | 0 | 0 | 0 | 0 | 0
NikolaJokic | 75 | 32.4 | 6.7 | 13.4 | 0.5 | 1.5 | 3.7 | 0.396 | 3.5 | 4.2 | 0.85 | 10.7 | 6.1 | 1.20 | 0.81 | 2.81 | 2.83 | 18.5
TorreyCraig | 39 | 16.1 | 1.6 | 3.5 | 0.45299999999999996 | 0.4 | 1.5 | 0.293 | 0.6 | 0.9 | 0.629 | 3.3 | 0.6 | 0.31 | 0.38 | 0.51 | 1.62 | 4.2
MonteMorris | 3 | 8.7 | 1.3 | 2.0 | 0.667 | 0 | 0.3 | 0.0 | 0.7 | 0.7 | 1.0 | 0.7 | 2.3 | 1 | 0 | 0.33 | 0.33 | 3.3
WillBarton | 81 | 33.0 | 5.7 | 12.7 | 0.452 | 1.9 | 5.2 | 0.369 | 2.2 | 2.8 | 0.805 | 5.1 | 4.1 | 1 | 0.63 | 1.83 | 2.07 | 15.7
MichaelPorter | 0.0 | 0.0 | 0.0 | 0.0 | 0.0 | 0.0 | 0.0 | 0.0 | 0.0 | 0.0 | 0.0 | 0.0 | 0.0 | 0.0 | 0.0 | 0.0 | 0.0 | 0.0
JarredVanderbilt | 0.0 | 0.0 | 0.0 | 0.0 | 0.0 | 0.0 | 0.0 | 0.0 | 0.0 | 0.0 | 0.0 | 0.0 | 0.0 | 0.0 | 0.0 | 0.0 | 0.0 | 0.0
ThomasWelsh | 0.0 | 0.0 | 0.0 | 0.0 | 0.0 | 0.0 | 0.0 | 0.0 | 0.0 | 0.0 | 0.0 | 0.0 | 0.0 | 0.0 | 0.0 | 0.0 | 0.0 | 0.0
BrandonKnight | 0.0 | 0.0 | 0.0 | 0.0 | 0.0 | 0.0 | 0.0 | 0.0 | 0.0 | 0.0 | 0.0 | 0.0 | 0.0 | 0.0 | 0.0 | 0.0 | 0.0 | 0.0
TysonChandler | 46 | 24.9 | 2.6 | 4.1 | 0.647 | 0 | 0 | 0.0 | 1.3 | 2.0 | 0.624 | 9.1 | 1.2 | 0.35 | 0.59 | 1.28 | 2.30 | 6.5
JaredDudley | 48 | 14.2 | 1 | 2.5 | 0.39299999999999996 | 0.6 | 1.7 | 0.36200000000000004 | 0.6 | 0.7 | 0.7709999999999999 | 1.9 | 1.6 | 0.52 | 0.21 | 0.58 | 1.77 | 3.2
JoshJackson | 77 | 25.3 | 5.1 | 12.1 | 0.41700000000000004 | 0.7 | 2.8 | 0.263 | 2.3 | 3.6 | 0.634 | 4.6 | 1.6 | 1.04 | 0.45 | 1.90 | 2.83 | 13.1
DraganBender | 82 | 25.1 | 2.3 | 5.9 | 0.386 | 1.4 | 3.9 | 0.366 | 0.5 | 0.6 | 0.765 | 4.4 | 1.6 | 0.27 | 0.65 | 1.38 | 2.02 | 6.5
TroyDaniels | 79 | 20.4 | 2.9 | 7.3 | 0.40299999999999997 | 2.3 | 5.8 | 0.4 | 0.7 | 0.8 | 0.875 | 1.6 | 0.6 | 0.33 | 0.06 | 0.71 | 1.73 | 8.9
TJTJWarren | 65 | 32.8 | 8.1 | 16.3 | 0.499 | 0.3 | 1.4 | 0.222 | 3.0 | 3.9 | 0.757 | 5.1 | 1.3 | 1 | 0.63 | 1.29 | 2.29 | 19.6
MarqueseChriss | 72 | 21.1 | 2.8 | 6.6 | 0.423 | 0.8 | 2.6 | 0.295 | 1.3 | 2.2 | 0.608 | 5.5 | 1.2 | 0.72 | 0.97 | 1.49 | 2.85 | 7.7
DevinBooker | 54 | 34.4 | 8.4 | 19.5 | 0.43200000000000005 | 2.7 | 7.1 | 0.38299999999999995 | 5.4 | 6.1 | 0.878 | 4.5 | 4.7 | 0.87 | 0.26 | 3.59 | 3.11 | 24.9
DavonReed | 21 | 11.5 | 1.0 | 3.6 | 0.289 | 0.5 | 1.8 | 0.289 | 0.4 | 0.6 | 0.667 | 1.9 | 0.6 | 0.48 | 0.10 | 0.48 | 0.81 | 3.0
DanuelHouse | 23 | 17.5 | 2.4 | 5.6 | 0.434 | 0.7 | 2.5 | 0.259 | 1.1 | 1.3 | 0.8059999999999999 | 3.3 | 1.1 | 0.30 | 0.26 | 0.48 | 1 | 6.6
AlecPeters | 20 | 11.1 | 1.4 | 3.7 | 0.37799999999999995 | 0.9 | 2.9 | 0.31 | 0.4 | 0.5 | 0.8 | 1.9 | 0.6 | 0.10 | 0.10 | 0.20 | 0.65 | 4.1
TrevorAriza | 67 | 33.7 | 4.0 | 9.7 | 0.41200000000000003 | 2.5 | 6.9 | 0.368 | 1.1 | 1.3 | 0.8540000000000001 | 4.4 | 1.6 | 1.46 | 0.19 | 0.81 | 1.97 | 11.7
ShaquilleHarrison | 23 | 16.8 | 2.6 | 5.4 | 0.47600000000000003 | 0.3 | 1.1 | 0.231 | 1.2 | 1.7 | 0.737 | 2.7 | 2.4 | 1.13 | 0.30 | 0.96 | 1.83 | 6.6
DeandreAyton | 0.0 | 0.0 | 0.0 | 0.0 | 0.0 | 0.0 | 0.0 | 0.0 | 0.0 | 0.0 | 0.0 | 0.0 | 0.0 | 0.0 | 0.0 | 0.0 | 0.0 | 0.0
MikalBridges | 0.0 | 0.0 | 0.0 | 0.0 | 0.0 | 0.0 | 0.0 | 0.0 | 0.0 | 0.0 | 0.0 | 0.0 | 0.0 | 0.0 | 0.0 | 0.0 | 0.0 | 0.0
ElieOkobo | 0.0 | 0.0 | 0.0 | 0.0 | 0.0 | 0.0 | 0.0 | 0.0 | 0.0 | 0.0 | 0.0 | 0.0 | 0.0 | 0.0 | 0.0 | 0.0 | 0.0 | 0.0
GeorgeKing | 0.0 | 0.0 | 0.0 | 0.0 | 0.0 | 0.0 | 0.0 | 0.0 | 0.0 | 0.0 | 0.0 | 0.0 | 0.0 | 0.0 | 0.0 | 0.0 | 0.0 | 0.0
OttoPorterJr | 77 | 31.4 | 5.8 | 11.5 | 0.503 | 1.8 | 4.1 | 0.441 | 1.4 | 1.7 | 0.828 | 6.4 | 2.0 | 1.52 | 0.51 | 0.97 | 1.96 | 14.7
BradleyBeal | 83 | 36.0 | 8.3 | 18.0 | 0.461 | 2.4 | 6.5 | 0.376 | 3.5 | 4.4 | 0.7909999999999999 | 4.4 | 4.5 | 1.18 | 0.42 | 2.59 | 1.94 | 22.5
DwightHoward | 81 | 30.3 | 6.2 | 11.2 | 0.555 | 0.0 | 0.1 | 0.14300000000000002 | 4.1 | 7.2 | 0.574 | 12.5 | 1.3 | 0.58 | 1.62 | 2.57 | 3.07 | 16.6
JohnWall | 41 | 34.2 | 6.8 | 16.2 | 0.42100000000000004 | 1.5 | 4.1 | 0.371 | 4.3 | 5.9 | 0.726 | 3.6 | 9.6 | 1.39 | 1.10 | 3.88 | 1.95 | 19.4
IanMahinmi | 77 | 14.8 | 1.8 | 3.2 | 0.5589999999999999 | 0 | 0.0 | 0.0 | 1.2 | 1.7 | 0.703 | 4.1 | 0.7 | 0.49 | 0.55 | 1.31 | 2.99 | 4.8
AustinRivers | 61 | 33.6 | 5.6 | 13.2 | 0.424 | 2.2 | 5.9 | 0.37799999999999995 | 1.7 | 2.6 | 0.642 | 2.4 | 4.0 | 1.20 | 0.26 | 1.80 | 2.49 | 15.1
MarkieffMorris | 73 | 26.9 | 4.5 | 9.4 | 0.48 | 1.0 | 2.8 | 0.36700000000000005 | 1.4 | 1.8 | 0.82 | 5.6 | 1.9 | 0.78 | 0.49 | 1.73 | 2.96 | 11.5
TomasSatoransky | 73 | 22.4 | 2.8 | 5.3 | 0.523 | 0.6 | 1.4 | 0.465 | 1.0 | 1.3 | 0.7809999999999999 | 3.2 | 3.9 | 0.70 | 0.19 | 1.14 | 1.79 | 7.2
KellyOubreJr | 81 | 27.4 | 3.9 | 9.8 | 0.40299999999999997 | 1.6 | 4.6 | 0.341 | 2.4 | 2.9 | 0.82 | 4.5 | 1.2 | 0.99 | 0.43 | 1.11 | 2.89 | 11.8
DevinRobinson | 1 | 13.0 | 1 | 3.0 | 0.33299999999999996 | 0 | 0 | 0.0 | 0 | 0 | 0.0 | 5.0 | 0 | 1 | 0 | 0 | 2.00 | 2.0
JeffGreen | 78 | 23.3 | 3.8 | 7.9 | 0.47700000000000004 | 0.7 | 2.2 | 0.312 | 2.6 | 3.0 | 0.868 | 3.1 | 1.3 | 0.53 | 0.44 | 0.94 | 1.91 | 10.8
TroyBrown | 0.0 | 0.0 | 0.0 | 0.0 | 0.0 | 0.0 | 0.0 | 0.0 | 0.0 | 0.0 | 0.0 | 0.0 | 0.0 | 0.0 | 0.0 | 0.0 | 0.0 | 0.0
ThomasBryant | 15 | 4.7 | 0.5 | 1.4 | 0.381 | 0.1 | 0.7 | 0.1 | 0.3 | 0.6 | 0.556 | 1.1 | 0.4 | 0.07 | 0.13 | 0.13 | 0.40 | 1.5
IssufSanon | 0.0 | 0.0 | 0.0 | 0.0 | 0.0 | 0.0 | 0.0 | 0.0 | 0.0 | 0.0 | 0.0 | 0.0 | 0.0 | 0.0 | 0.0 | 0.0 | 0.0 | 0.0
JamesHarden | 73 | 35.1 | 9.0 | 20.1 | 0.447 | 3.7 | 10.1 | 0.363 | 8.5 | 10.0 | 0.858 | 5.4 | 8.7 | 1.75 | 0.70 | 4.36 | 2.33 | 30.2
ChrisPaul | 58 | 31.8 | 6.3 | 13.8 | 0.46 | 2.5 | 6.5 | 0.38 | 3.5 | 3.8 | 0.919 | 5.4 | 7.9 | 1.67 | 0.22 | 2.19 | 2.43 | 18.6
RyanAnderson | 66 | 26.1 | 3.1 | 7.3 | 0.431 | 2.0 | 5.1 | 0.386 | 1.1 | 1.4 | 0.774 | 5.0 | 0.9 | 0.36 | 0.32 | 0.65 | 1.91 | 9.3
EricGordon | 69 | 31.0 | 6.0 | 14.0 | 0.429 | 3.2 | 8.8 | 0.359 | 2.8 | 3.5 | 0.809 | 2.5 | 2.2 | 0.65 | 0.38 | 1.91 | 1.68 | 18.0
PJPJTucker | 82 | 27.7 | 2.1 | 5.4 | 0.39 | 1.4 | 3.8 | 0.371 | 0.5 | 0.7 | 0.7170000000000001 | 5.6 | 0.9 | 0.95 | 0.32 | 0.91 | 2.50 | 6.1
Nene | 52 | 14.4 | 2.6 | 4.6 | 0.569 | 0 | 0.0 | 0.0 | 1.3 | 2.1 | 0.636 | 3.4 | 0.9 | 0.56 | 0.27 | 0.75 | 2.37 | 6.5
ClintCapela | 74 | 27.4 | 6.0 | 9.1 | 0.652 | 0 | 0.0 | 0.0 | 1.9 | 3.5 | 0.56 | 10.8 | 0.9 | 0.77 | 1.86 | 1.41 | 2.50 | 13.9
ChinanuOnuaku | 1 | 22.0 | 2.0 | 5.0 | 0.4 | 0 | 0 | 0.0 | 0 | 0 | 0.0 | 4.0 | 1 | 0 | 0 | 3.00 | 4.00 | 4.0
ZhouQi | 18 | 6.6 | 0.3 | 1.8 | 0.188 | 0.1 | 1.1 | 0.105 | 0.4 | 0.7 | 0.667 | 1.2 | 0.1 | 0.11 | 0.78 | 0.56 | 0.78 | 1.2
MarkelBrown | 4 | 7.8 | 0.5 | 1.8 | 0.28600000000000003 | 0.2 | 1.2 | 0.2 | 0 | 0 | 0.0 | 1.2 | 0.5 | 0 | 0 | 0.50 | 1.50 | 1.2
RJRJHunter | 5 | 9.0 | 1.4 | 4.0 | 0.35 | 0.6 | 2.8 | 0.214 | 0.4 | 0.4 | 1.0 | 1 | 0.6 | 0.60 | 0 | 0.40 | 1.40 | 3.8
GeraldGreen | 41 | 22.7 | 4.1 | 10.1 | 0.40700000000000003 | 2.7 | 7.3 | 0.369 | 1.2 | 1.5 | 0.85 | 3.2 | 0.6 | 0.59 | 0.37 | 0.76 | 2.12 | 12.1
VincentEdwards | 0.0 | 0.0 | 0.0 | 0.0 | 0.0 | 0.0 | 0.0 | 0.0 | 0.0 | 0.0 | 0.0 | 0.0 | 0.0 | 0.0 | 0.0 | 0.0 | 0.0 | 0.0
JamesEnnisIII | 72 | 22.2 | 2.5 | 5.3 | 0.474 | 0.7 | 2.1 | 0.33299999999999996 | 1.3 | 1.6 | 0.836 | 3.1 | 1.0 | 0.65 | 0.25 | 0.79 | 1.86 | 7.1
DeAnthonyMelton | 0.0 | 0.0 | 0.0 | 0.0 | 0.0 | 0.0 | 0.0 | 0.0 | 0.0 | 0.0 | 0.0 | 0.0 | 0.0 | 0.0 | 0.0 | 0.0 | 0.0 | 0.0
MichaelCarterWilliams | 52 | 16.1 | 1.5 | 4.4 | 0.332 | 0.3 | 1.1 | 0.237 | 1.4 | 1.7 | 0.82 | 2.7 | 2.2 | 0.87 | 0.44 | 1.04 | 1.90 | 4.6
EnesKanter | 71 | 25.6 | 5.9 | 10.0 | 0.593 | 0 | 0.0 | 0.0 | 2.2 | 2.6 | 0.848 | 11.0 | 1.5 | 0.51 | 0.52 | 1.72 | 2.63 | 14.1
JoakimNoah | 7 | 5.9 | 0.7 | 1.4 | 0.5 | 0 | 0 | 0.0 | 0.3 | 0.6 | 0.5 | 2.0 | 0.6 | 0.29 | 0.29 | 0.57 | 0.71 | 1.7
TimHardawayJr | 57 | 32.7 | 6.3 | 15.0 | 0.42100000000000004 | 2.3 | 7.2 | 0.317 | 2.6 | 3.1 | 0.816 | 3.9 | 2.7 | 1.11 | 0.18 | 1.61 | 2.16 | 17.5
CourtneyLee | 76 | 30.2 | 4.5 | 9.9 | 0.45399999999999996 | 1.5 | 3.7 | 0.406 | 1.5 | 1.6 | 0.919 | 2.9 | 2.4 | 1.05 | 0.22 | 1.11 | 1.43 | 12.0
LanceThomas | 73 | 18.5 | 1.4 | 3.7 | 0.382 | 0.7 | 1.7 | 0.40299999999999997 | 0.6 | 0.7 | 0.83 | 2.4 | 0.6 | 0.41 | 0.19 | 0.56 | 1.84 | 4.1
KristapsPorzingis | 48 | 32.2 | 8.1 | 18.5 | 0.439 | 1.9 | 4.8 | 0.39299999999999996 | 4.5 | 5.7 | 0.7929999999999999 | 6.6 | 1.2 | 0.75 | 2.40 | 1.94 | 2.94 | 22.7
RonBaker | 29 | 13.2 | 0.7 | 2.0 | 0.33899999999999997 | 0.4 | 1.1 | 0.33299999999999996 | 0.7 | 0.9 | 0.769 | 1.0 | 1.6 | 0.90 | 0.21 | 0.62 | 1.14 | 2.4
FrankNtilikina | 79 | 21.7 | 2.3 | 6.4 | 0.366 | 0.6 | 2.0 | 0.314 | 0.6 | 0.9 | 0.721 | 2.3 | 3.2 | 0.87 | 0.23 | 1.68 | 2.29 | 5.9
EmmanuelMudiay | 64 | 19.4 | 3.2 | 8.2 | 0.389 | 0.7 | 2.3 | 0.32 | 1.5 | 2.0 | 0.76 | 2.4 | 3.2 | 0.64 | 0.14 | 1.77 | 1.25 | 8.6
DamyeanDotson | 44 | 10.9 | 1.6 | 3.7 | 0.447 | 0.5 | 1.5 | 0.324 | 0.4 | 0.5 | 0.696 | 1.9 | 0.7 | 0.27 | 0.05 | 0.39 | 0.77 | 4.1
TreyBurke | 36 | 21.8 | 5.4 | 10.7 | 0.503 | 1.1 | 2.9 | 0.36200000000000004 | 1.0 | 1.6 | 0.649 | 2.0 | 4.7 | 0.67 | 0.11 | 1.19 | 1.19 | 12.8
LukeKornet | 20 | 16.2 | 2.5 | 6.2 | 0.392 | 1.4 | 4.0 | 0.354 | 0.4 | 0.6 | 0.727 | 3.2 | 1.3 | 0.25 | 0.80 | 0.60 | 1.40 | 6.7
TroyWilliams | 21 | 14.6 | 2.4 | 5.2 | 0.46799999999999997 | 0.5 | 1.8 | 0.289 | 1.0 | 1.4 | 0.667 | 3.0 | 0.8 | 0.95 | 0.19 | 0.90 | 1.62 | 6.3
IsaiahHicks | 18 | 13.2 | 1.8 | 4.0 | 0.45799999999999996 | 0.1 | 0.5 | 0.222 | 0.7 | 1 | 0.667 | 2.3 | 0.9 | 0.11 | 0.22 | 0.89 | 2.50 | 4.4
MarioHezonja | 75 | 22.0 | 3.6 | 8.2 | 0.444 | 1.2 | 3.6 | 0.337 | 1.1 | 1.4 | 0.8190000000000001 | 3.7 | 1.4 | 1.09 | 0.40 | 1.17 | 1.79 | 9.6
AllonzoTrier | 0.0 | 0.0 | 0.0 | 0.0 | 0.0 | 0.0 | 0.0 | 0.0 | 0.0 | 0.0 | 0.0 | 0.0 | 0.0 | 0.0 | 0.0 | 0.0 | 0.0 | 0.0
KevinKnox | 0.0 | 0.0 | 0.0 | 0.0 | 0.0 | 0.0 | 0.0 | 0.0 | 0.0 | 0.0 | 0.0 | 0.0 | 0.0 | 0.0 | 0.0 | 0.0 | 0.0 | 0.0
MitchellRobinson | 0.0 | 0.0 | 0.0 | 0.0 | 0.0 | 0.0 | 0.0 | 0.0 | 0.0 | 0.0 | 0.0 | 0.0 | 0.0 | 0.0 | 0.0 | 0.0 | 0.0 | 0.0
MikeConley | 12 | 30.7 | 5.3 | 14.0 | 0.381 | 2.0 | 6.4 | 0.312 | 4.4 | 5.5 | 0.8029999999999999 | 2.2 | 4.1 | 1 | 0.25 | 1.50 | 2.00 | 17.1
ChandlerParsons | 36 | 19.1 | 3.0 | 6.5 | 0.462 | 1.4 | 3.4 | 0.42100000000000004 | 0.5 | 0.8 | 0.63 | 2.5 | 1.9 | 0.50 | 0.31 | 0.97 | 1.47 | 7.9
MarcGasol | 73 | 32.9 | 5.9 | 14.2 | 0.42 | 1.5 | 4.4 | 0.341 | 3.8 | 4.6 | 0.8340000000000001 | 8.1 | 4.2 | 0.74 | 1.40 | 2.67 | 2.53 | 17.2
JaMychalGreen | 55 | 27.9 | 4.1 | 8.9 | 0.457 | 0.8 | 2.3 | 0.33899999999999997 | 1.5 | 2.0 | 0.721 | 8.5 | 1.4 | 0.58 | 0.45 | 1.42 | 2.78 | 10.3
BenMcLemore | 56 | 19.4 | 2.8 | 6.7 | 0.42100000000000004 | 1.0 | 2.8 | 0.34600000000000003 | 0.9 | 1.1 | 0.828 | 2.5 | 0.9 | 0.68 | 0.27 | 1.09 | 2.48 | 7.5
KyleAnderson | 74 | 26.6 | 3.1 | 5.9 | 0.527 | 0.3 | 0.8 | 0.33299999999999996 | 1.4 | 2.0 | 0.7120000000000001 | 5.3 | 2.7 | 1.57 | 0.81 | 1.27 | 1.54 | 7.9
JarellMartin | 73 | 22.7 | 3.0 | 6.8 | 0.446 | 0.5 | 1.3 | 0.34700000000000003 | 1.2 | 1.6 | 0.767 | 4.4 | 1 | 0.53 | 0.68 | 1.18 | 2.89 | 7.7
AndrewHarrison | 56 | 23.6 | 3.2 | 7.7 | 0.42200000000000004 | 0.8 | 2.5 | 0.331 | 2.2 | 2.8 | 0.78 | 2.3 | 3.2 | 0.70 | 0.46 | 1.45 | 2.46 | 9.5
WayneSelden | 35 | 19.8 | 3.3 | 7.7 | 0.431 | 1.4 | 3.5 | 0.402 | 1.3 | 1.7 | 0.746 | 1.6 | 1.9 | 0.51 | 0.14 | 1.54 | 1.69 | 9.3
DeyontaDavis | 62 | 15.2 | 2.6 | 4.3 | 0.608 | 0 | 0 | 0.0 | 0.6 | 0.9 | 0.667 | 4.0 | 0.6 | 0.24 | 0.63 | 0.50 | 2.02 | 5.8
IvanRabb | 36 | 14.4 | 2.4 | 4.2 | 0.5660000000000001 | 0 | 0 | 0.0 | 0.8 | 1 | 0.8059999999999999 | 4.4 | 0.9 | 0.33 | 0.36 | 0.97 | 1.53 | 5.6
DillonBrooks | 83 | 28.4 | 4.2 | 9.4 | 0.44 | 1.1 | 3.2 | 0.353 | 1.5 | 2.0 | 0.747 | 3.2 | 1.7 | 0.88 | 0.22 | 1.52 | 2.81 | 11.0
MarShonBrooks | 7 | 27.6 | 7.3 | 14.6 | 0.5 | 2.7 | 4.6 | 0.594 | 2.9 | 3.3 | 0.87 | 3.1 | 3.6 | 1.57 | 0.43 | 2.29 | 0.86 | 20.1
MykeHenry | 20 | 18.9 | 2.0 | 5.5 | 0.376 | 0.9 | 2.9 | 0.32799999999999996 | 0.3 | 0.5 | 0.6 | 1.9 | 1.1 | 1.55 | 0.30 | 0.95 | 1.40 | 5.3
KobiSimmons | 32 | 20.2 | 2.5 | 5.9 | 0.423 | 0.3 | 1.2 | 0.282 | 0.8 | 0.8 | 1.0 | 1.6 | 2.1 | 0.56 | 0.16 | 1.38 | 1.91 | 6.1
OmriCasspi | 53 | 13.9 | 2.3 | 3.9 | 0.58 | 0.2 | 0.4 | 0.455 | 0.9 | 1.3 | 0.725 | 3.8 | 1.0 | 0.34 | 0.36 | 0.70 | 1.34 | 5.7
JarenJackson | 0.0 | 0.0 | 0.0 | 0.0 | 0.0 | 0.0 | 0.0 | 0.0 | 0.0 | 0.0 | 0.0 | 0.0 | 0.0 | 0.0 | 0.0 | 0.0 | 0.0 | 0.0
JevonCarter | 0.0 | 0.0 | 0.0 | 0.0 | 0.0 | 0.0 | 0.0 | 0.0 | 0.0 | 0.0 | 0.0 | 0.0 | 0.0 | 0.0 | 0.0 | 0.0 | 0.0 | 0.0
BlakeGriffin | 58 | 33.8 | 7.5 | 17.2 | 0.43799999999999994 | 1.9 | 5.6 | 0.345 | 4.5 | 5.7 | 0.785 | 7.4 | 5.8 | 0.71 | 0.29 | 2.88 | 2.40 | 21.4
AndreDrummond | 79 | 33.4 | 6.0 | 11.2 | 0.5329999999999999 | 0 | 0.1 | 0.0 | 3.0 | 5.0 | 0.605 | 15.8 | 3.0 | 1.46 | 1.65 | 2.58 | 3.19 | 15.0
ReggieJackson | 45 | 26.5 | 5.5 | 12.8 | 0.426 | 1.2 | 3.8 | 0.306 | 2.5 | 3.0 | 0.836 | 2.8 | 5.3 | 0.58 | 0.09 | 2.20 | 1.93 | 14.6
JonLeuer | 8 | 16.5 | 1.9 | 4.5 | 0.41700000000000004 | 0 | 0.4 | 0.0 | 1.6 | 1.9 | 0.867 | 4.0 | 0.6 | 0.12 | 0.38 | 1 | 2.00 | 5.4
LangstonGalloway | 58 | 14.7 | 2.2 | 5.8 | 0.37200000000000005 | 1.3 | 3.7 | 0.34600000000000003 | 0.6 | 0.7 | 0.805 | 1.6 | 1 | 0.62 | 0.09 | 0.31 | 0.67 | 6.2
IshSmith | 82 | 24.8 | 4.7 | 9.8 | 0.486 | 0.4 | 1.2 | 0.34700000000000003 | 1.0 | 1.4 | 0.698 | 2.7 | 4.4 | 0.78 | 0.24 | 1.32 | 1.71 | 10.9
StanleyJohnson | 69 | 27.3 | 3.0 | 8.1 | 0.375 | 1.0 | 3.4 | 0.28600000000000003 | 1.6 | 2.1 | 0.772 | 3.7 | 1.6 | 1.38 | 0.20 | 1.12 | 2.45 | 8.7
LukeKennard | 73 | 20.0 | 2.8 | 6.4 | 0.44299999999999995 | 1.1 | 2.7 | 0.415 | 0.9 | 1.0 | 0.855 | 2.4 | 1.7 | 0.60 | 0.16 | 0.95 | 1.18 | 7.6
ReggieBullock | 62 | 27.8 | 4.3 | 8.8 | 0.489 | 2.0 | 4.5 | 0.445 | 0.6 | 0.8 | 0.7959999999999999 | 2.5 | 1.5 | 0.76 | 0.21 | 0.77 | 1.13 | 11.3
HenryEllenson | 38 | 8.6 | 1.4 | 3.8 | 0.363 | 0.5 | 1.6 | 0.33299999999999996 | 0.7 | 0.8 | 0.862 | 2.1 | 0.5 | 0.13 | 0 | 0.47 | 0.58 | 4.0
ReggieHearn | 3 | 2.3 | 0.3 | 0.7 | 0.5 | 0.3 | 0.7 | 0.5 | 0 | 0 | 0.0 | 0 | 0 | 0 | 0 | 0 | 0 | 1
GlennRobinsonIII | 23 | 14.7 | 1.6 | 3.7 | 0.424 | 0.6 | 1.5 | 0.41200000000000003 | 0.4 | 0.5 | 0.818 | 1.6 | 0.7 | 0.57 | 0.04 | 0.22 | 0.61 | 4.1
JoseCalderon | 57 | 16.0 | 1.6 | 3.2 | 0.503 | 0.8 | 1.7 | 0.46399999999999997 | 0.4 | 0.5 | 0.8 | 1.5 | 2.1 | 0.47 | 0.04 | 0.72 | 1.42 | 4.5
KeenanEvans | 0.0 | 0.0 | 0.0 | 0.0 | 0.0 | 0.0 | 0.0 | 0.0 | 0.0 | 0.0 | 0.0 | 0.0 | 0.0 | 0.0 | 0.0 | 0.0 | 0.0 | 0.0
ZazaPachulia | 69 | 13.9 | 2.2 | 3.8 | 0.5670000000000001 | 0 | 0.0 | 0.0 | 1.1 | 1.3 | 0.8059999999999999 | 4.7 | 1.6 | 0.54 | 0.25 | 1.07 | 1.77 | 5.4
BruceBrown | 0.0 | 0.0 | 0.0 | 0.0 | 0.0 | 0.0 | 0.0 | 0.0 | 0.0 | 0.0 | 0.0 | 0.0 | 0.0 | 0.0 | 0.0 | 0.0 | 0.0 | 0.0
KhyriThomas | 0.0 | 0.0 | 0.0 | 0.0 | 0.0 | 0.0 | 0.0 | 0.0 | 0.0 | 0.0 | 0.0 | 0.0 | 0.0 | 0.0 | 0.0 | 0.0 | 0.0 | 0.0
HarrisonBarnes | 77 | 34.1 | 7.0 | 15.7 | 0.445 | 1.5 | 4.3 | 0.35700000000000004 | 3.4 | 4.1 | 0.8270000000000001 | 6.1 | 2.0 | 0.65 | 0.18 | 1.53 | 1.22 | 18.9
WesleyMatthews | 63 | 33.7 | 4.5 | 11.1 | 0.406 | 2.4 | 6.4 | 0.381 | 1.3 | 1.6 | 0.8220000000000001 | 3.1 | 2.7 | 1.21 | 0.25 | 1.33 | 2.22 | 12.7
DwightPowell | 79 | 21.0 | 3.2 | 5.4 | 0.593 | 0.4 | 1.1 | 0.33299999999999996 | 1.7 | 2.3 | 0.7190000000000001 | 5.6 | 1.2 | 0.84 | 0.39 | 0.75 | 2.35 | 8.5
JJBarea | 69 | 23.1 | 4.4 | 10.0 | 0.439 | 1.7 | 4.5 | 0.36700000000000005 | 1.2 | 1.5 | 0.784 | 2.9 | 6.3 | 0.51 | 0.04 | 2.07 | 1.20 | 11.6
DennisSmithJr | 70 | 29.5 | 5.8 | 14.8 | 0.39399999999999996 | 1.5 | 4.9 | 0.311 | 1.9 | 2.8 | 0.6940000000000001 | 3.8 | 5.2 | 1 | 0.24 | 2.83 | 2.17 | 15.1
SalahMejri | 60 | 12.1 | 1.5 | 2.3 | 0.642 | 0 | 0.1 | 0.0 | 0.6 | 1.1 | 0.5760000000000001 | 4.1 | 0.6 | 0.37 | 1.12 | 0.67 | 2.02 | 3.6
YogiFerrell | 82 | 27.7 | 3.8 | 8.9 | 0.425 | 1.6 | 4.4 | 0.373 | 1 | 1.3 | 0.7959999999999999 | 3.0 | 2.5 | 0.79 | 0.11 | 0.95 | 1.87 | 10.2
DorianFinneySmith | 21 | 21.2 | 2.2 | 5.8 | 0.38 | 1.0 | 3.2 | 0.299 | 0.5 | 0.7 | 0.733 | 3.6 | 1.2 | 0.48 | 0.19 | 1 | 2.05 | 5.9
MaxiKleber | 72 | 16.7 | 2.1 | 4.3 | 0.489 | 0.6 | 1.8 | 0.312 | 0.6 | 0.8 | 0.746 | 3.2 | 0.7 | 0.36 | 0.65 | 0.42 | 1.58 | 5.4
KyleCollinsworth | 32 | 14.9 | 1.2 | 3.1 | 0.384 | 0.1 | 0.5 | 0.235 | 0.7 | 1.2 | 0.525 | 3.3 | 1.8 | 0.53 | 0.28 | 0.75 | 1.38 | 3.2
AaronHarrison | 8 | 26.9 | 2.1 | 8.0 | 0.266 | 1.1 | 5.1 | 0.22 | 1.4 | 1.8 | 0.7859999999999999 | 2.8 | 1.2 | 1 | 0.12 | 0.38 | 2.88 | 6.8
JalenJones | 15 | 11.9 | 1.7 | 4.5 | 0.38799999999999996 | 0.7 | 1.7 | 0.385 | 0.8 | 1.3 | 0.632 | 2.5 | 0.3 | 0.33 | 0.07 | 0.53 | 1.47 | 4.9
JohnathanMotley | 11 | 15.8 | 3.6 | 6.8 | 0.5329999999999999 | 0.1 | 0.5 | 0.16699999999999998 | 1.4 | 2.5 | 0.536 | 4.5 | 0.6 | 0.27 | 0.18 | 0.82 | 1.64 | 8.7
LukaDoncic | 0.0 | 0.0 | 0.0 | 0.0 | 0.0 | 0.0 | 0.0 | 0.0 | 0.0 | 0.0 | 0.0 | 0.0 | 0.0 | 0.0 | 0.0 | 0.0 | 0.0 | 0.0
RyanBroekhoff | 0.0 | 0.0 | 0.0 | 0.0 | 0.0 | 0.0 | 0.0 | 0.0 | 0.0 | 0.0 | 0.0 | 0.0 | 0.0 | 0.0 | 0.0 | 0.0 | 0.0 | 0.0
DeAndreJordan | 77 | 31.4 | 4.8 | 7.5 | 0.649 | 0 | 0 | 0.0 | 2.4 | 4.1 | 0.58 | 15.2 | 1.5 | 0.51 | 0.90 | 1.81 | 2.64 | 12.0
JalenBrunson | 0.0 | 0.0 | 0.0 | 0.0 | 0.0 | 0.0 | 0.0 | 0.0 | 0.0 | 0.0 | 0.0 | 0.0 | 0.0 | 0.0 | 0.0 | 0.0 | 0.0 | 0.0
RaySpalding | 0.0 | 0.0 | 0.0 | 0.0 | 0.0 | 0.0 | 0.0 | 0.0 | 0.0 | 0.0 | 0.0 | 0.0 | 0.0 | 0.0 | 0.0 | 0.0 | 0.0 | 0.0
KostasAntetokounmpo | 0.0 | 0.0 | 0.0 | 0.0 | 0.0 | 0.0 | 0.0 | 0.0 | 0.0 | 0.0 | 0.0 | 0.0 | 0.0 | 0.0 | 0.0 | 0.0 | 0.0 | 0.0
JrueHoliday | 81 | 36.1 | 7.6 | 15.3 | 0.495 | 1.5 | 4.4 | 0.337 | 2.3 | 2.9 | 0.7859999999999999 | 4.5 | 6.0 | 1.49 | 0.79 | 2.65 | 2.48 | 19.0
AnthonyDavis | 76 | 36.1 | 10.3 | 19.4 | 0.534 | 0.7 | 2.1 | 0.337 | 6.5 | 7.9 | 0.828 | 11.0 | 2.3 | 1.53 | 2.53 | 2.14 | 2.12 | 27.9
NikolaMirotic | 55 | 27.2 | 5.6 | 12.4 | 0.449 | 2.5 | 6.5 | 0.377 | 2.0 | 2.5 | 0.818 | 7.4 | 1.5 | 0.80 | 0.71 | 1.16 | 1.96 | 15.6
SolomonHill | 12 | 15.6 | 0.9 | 3.4 | 0.268 | 0.3 | 1.8 | 0.19 | 0.2 | 0.5 | 0.5 | 3.0 | 1.8 | 0.58 | 0.08 | 0.75 | 1.83 | 2.4
ETwaunMoore | 82 | 31.4 | 5.2 | 10.1 | 0.508 | 1.6 | 3.7 | 0.42700000000000005 | 0.6 | 0.8 | 0.706 | 2.9 | 2.3 | 0.96 | 0.13 | 1.24 | 2.22 | 12.5
AlexisAjinca | 0.0 | 0.0 | 0.0 | 0.0 | 0.0 | 0.0 | 0.0 | 0.0 | 0.0 | 0.0 | 0.0 | 0.0 | 0.0 | 0.0 | 0.0 | 0.0 | 0.0 | 0.0
DariusMiller | 82 | 23.6 | 2.6 | 6.0 | 0.44299999999999995 | 1.8 | 4.4 | 0.41100000000000003 | 0.7 | 0.8 | 0.866 | 2.0 | 1.4 | 0.34 | 0.21 | 0.72 | 1.95 | 7.8
CheickDiallo | 52 | 11.1 | 2.0 | 3.4 | 0.58 | 0 | 0 | 0.0 | 1.0 | 1.3 | 0.758 | 4.0 | 0.4 | 0.21 | 0.40 | 0.52 | 1.58 | 4.9
FrankJackson | 0.0 | 0.0 | 0.0 | 0.0 | 0.0 | 0.0 | 0.0 | 0.0 | 0.0 | 0.0 | 0.0 | 0.0 | 0.0 | 0.0 | 0.0 | 0.0 | 0.0 | 0.0
DeAndreLiggins | 57 | 12.6 | 0.7 | 1.9 | 0.377 | 0.3 | 0.9 | 0.358 | 0.0 | 0.1 | 0.4 | 1.3 | 0.8 | 0.65 | 0.25 | 0.37 | 1.42 | 1.8
EmekaOkafor | 26 | 13.5 | 1.8 | 3.7 | 0.505 | 0 | 0 | 0.0 | 0.7 | 0.8 | 0.818 | 4.6 | 0.3 | 0.31 | 0.96 | 0.50 | 1.15 | 4.4
CharlesCooke | 13 | 2.8 | 0.2 | 1.1 | 0.14300000000000002 | 0.1 | 0.6 | 0.125 | 0.1 | 0.2 | 0.5 | 0.2 | 0.1 | 0.08 | 0 | 0.08 | 0 | 0.5
JuliusRandle | 82 | 26.6 | 6.1 | 11.0 | 0.5579999999999999 | 0.1 | 0.5 | 0.222 | 3.7 | 5.2 | 0.718 | 8.0 | 2.6 | 0.52 | 0.55 | 2.60 | 3.34 | 16.1
ElfridPayton | 63 | 28.6 | 5.2 | 10.6 | 0.493 | 0.5 | 1.5 | 0.326 | 1.7 | 2.7 | 0.649 | 4.3 | 6.2 | 1.30 | 0.35 | 2.67 | 2.33 | 12.7
TonyCarr | 0.0 | 0.0 | 0.0 | 0.0 | 0.0 | 0.0 | 0.0 | 0.0 | 0.0 | 0.0 | 0.0 | 0.0 | 0.0 | 0.0 | 0.0 | 0.0 | 0.0 | 0.0
IanClark | 74 | 19.6 | 3.0 | 6.7 | 0.44799999999999995 | 0.8 | 2.6 | 0.318 | 0.6 | 0.8 | 0.763 | 1.7 | 1.5 | 0.46 | 0.14 | 0.77 | 1.62 | 7.4
LarryDrewII | 10 | 6.9 | 0.7 | 2.4 | 0.292 | 0.3 | 0.9 | 0.33299999999999996 | 0 | 0 | 0.0 | 0.3 | 1 | 0 | 0 | 0.30 | 0.60 | 1.7
VictorOladipo | 76 | 33.7 | 8.5 | 17.7 | 0.47700000000000004 | 2.1 | 5.8 | 0.369 | 3.9 | 4.8 | 0.799 | 5.2 | 4.3 | 2.34 | 0.75 | 2.92 | 2.30 | 22.9
ThaddeusYoung | 81 | 32.1 | 5.2 | 10.7 | 0.48700000000000004 | 0.7 | 2.2 | 0.319 | 0.7 | 1.1 | 0.598 | 6.3 | 1.9 | 1.64 | 0.46 | 1.28 | 2.16 | 11.8
BojanBogdanovic | 80 | 30.7 | 5.0 | 10.7 | 0.474 | 1.9 | 4.8 | 0.402 | 2.2 | 2.6 | 0.868 | 3.4 | 1.5 | 0.68 | 0.11 | 1.31 | 1.61 | 14.3
DarrenCollison | 69 | 29.2 | 4.6 | 9.2 | 0.495 | 1.4 | 3.0 | 0.46799999999999997 | 1.8 | 2.1 | 0.888 | 2.6 | 5.3 | 1.35 | 0.22 | 1.25 | 1.77 | 12.4
MylesTurner | 65 | 28.2 | 4.7 | 9.8 | 0.479 | 0.9 | 2.4 | 0.35700000000000004 | 2.5 | 3.2 | 0.777 | 6.4 | 1.3 | 0.57 | 1.85 | 1.48 | 2.86 | 12.7
DomantasSabonis | 75 | 24.3 | 4.6 | 8.9 | 0.519 | 0.2 | 0.5 | 0.368 | 2.2 | 3.0 | 0.747 | 7.8 | 2.1 | 0.53 | 0.43 | 1.83 | 2.93 | 11.7
TJTJLeaf | 53 | 8.5 | 1.2 | 2.6 | 0.47100000000000003 | 0.3 | 0.8 | 0.429 | 0.2 | 0.3 | 0.625 | 1.5 | 0.2 | 0.09 | 0.08 | 0.19 | 0.85 | 2.9
JoeYoung | 53 | 10.4 | 1.5 | 3.5 | 0.43 | 0.5 | 1.2 | 0.379 | 0.4 | 0.5 | 0.759 | 1.2 | 0.7 | 0.26 | 0.02 | 0.49 | 0.74 | 3.9
IkeAnigbogu | 11 | 2.5 | 0.4 | 0.8 | 0.444 | 0 | 0 | 0.0 | 0.5 | 0.5 | 0.833 | 0.8 | 0 | 0.09 | 0.27 | 0.18 | 0.09 | 1.2
BenMoore | 2 | 4.5 | 0 | 0 | 0.0 | 0 | 0 | 0.0 | 0 | 0 | 0.0 | 0.5 | 0.5 | 0 | 0 | 0 | 2.00 | 0
EdmondSumner | 1 | 2.0 | 1 | 1 | 1.0 | 0 | 0 | 0.0 | 0 | 0 | 0.0 | 1 | 0 | 0 | 0 | 0 | 1 | 2.0
TyrekeEvans | 52 | 30.9 | 7.0 | 15.6 | 0.452 | 2.2 | 5.5 | 0.39899999999999997 | 3.2 | 4.0 | 0.785 | 5.1 | 5.2 | 1.10 | 0.33 | 2.25 | 1.85 | 19.4
DougMcDermott | 81 | 21.7 | 2.9 | 6.3 | 0.467 | 1.1 | 2.7 | 0.426 | 0.8 | 1 | 0.79 | 2.5 | 1.0 | 0.23 | 0.19 | 0.68 | 1.51 | 7.8
KyleOQuinn | 77 | 17.9 | 2.9 | 5.0 | 0.583 | 0.1 | 0.2 | 0.235 | 1.3 | 1.6 | 0.772 | 6.1 | 2.1 | 0.45 | 1.27 | 1.30 | 2.49 | 7.1
AlizeJohnson | 0.0 | 0.0 | 0.0 | 0.0 | 0.0 | 0.0 | 0.0 | 0.0 | 0.0 | 0.0 | 0.0 | 0.0 | 0.0 | 0.0 | 0.0 | 0.0 | 0.0 | 0.0
AaronHoliday | 0.0 | 0.0 | 0.0 | 0.0 | 0.0 | 0.0 | 0.0 | 0.0 | 0.0 | 0.0 | 0.0 | 0.0 | 0.0 | 0.0 | 0.0 | 0.0 | 0.0 | 0.0
StephenCurry | 52 | 31.7 | 8.3 | 16.9 | 0.49200000000000005 | 4.1 | 9.8 | 0.42 | 5.3 | 5.8 | 0.9209999999999999 | 5.1 | 6.0 | 1.58 | 0.15 | 3.06 | 2.19 | 26.1
KlayThompson | 74 | 34.0 | 7.8 | 16.1 | 0.48700000000000004 | 3.2 | 7.2 | 0.442 | 1.1 | 1.3 | 0.8370000000000001 | 3.8 | 2.5 | 0.76 | 0.46 | 1.73 | 1.58 | 19.9
DraymondGreen | 71 | 32.3 | 4.0 | 8.7 | 0.456 | 1.1 | 3.6 | 0.301 | 1.9 | 2.5 | 0.774 | 7.6 | 7.2 | 1.37 | 1.32 | 2.83 | 2.61 | 11.0
AndreIguodala | 64 | 25.3 | 2.3 | 5.0 | 0.462 | 0.5 | 1.8 | 0.282 | 0.9 | 1.4 | 0.632 | 3.8 | 3.3 | 0.84 | 0.59 | 1.05 | 1.55 | 6.0
ShaunLivingston | 71 | 15.9 | 2.4 | 4.8 | 0.503 | 0 | 0.1 | 0.0 | 0.7 | 0.9 | 0.82 | 1.8 | 2.0 | 0.48 | 0.28 | 0.82 | 1.65 | 5.5
DamianJones | 15 | 5.9 | 0.7 | 1.5 | 0.5 | 0 | 0 | 0.0 | 0.2 | 0.3 | 0.6 | 0.9 | 0.1 | 0.07 | 0.20 | 0.27 | 0.93 | 1.7
PatrickMcCaw | 57 | 16.8 | 1.6 | 4.0 | 0.40700000000000003 | 0.3 | 1.4 | 0.23800000000000002 | 0.5 | 0.6 | 0.765 | 1.5 | 1.4 | 0.75 | 0.19 | 0.72 | 1.18 | 4.0
JordanBell | 57 | 14.0 | 2.0 | 3.2 | 0.627 | 0 | 0.1 | 0.0 | 0.5 | 0.8 | 0.682 | 3.6 | 1.8 | 0.63 | 1 | 0.89 | 1.61 | 4.6
QuinnCook | 33 | 22.4 | 3.7 | 7.6 | 0.484 | 1.4 | 3.2 | 0.442 | 0.7 | 0.8 | 0.88 | 2.5 | 2.7 | 0.36 | 0.03 | 0.97 | 1.79 | 9.5
ChrisBoucher | 1 | 1 | 0 | 1 | 0.0 | 0 | 1 | 0.0 | 0 | 0 | 0.0 | 1 | 0 | 0 | 0 | 0 | 0 | 0
KevonLooney | 66 | 13.7 | 1.7 | 2.9 | 0.583 | 0.0 | 0.1 | 0.2 | 0.6 | 1.2 | 0.545 | 3.3 | 0.6 | 0.52 | 0.83 | 0.47 | 1.61 | 4.0
DamionLee | 15 | 26.9 | 4.1 | 10.1 | 0.408 | 1 | 4.0 | 0.25 | 1.5 | 1.9 | 0.759 | 4.7 | 1.9 | 1.27 | 0.07 | 0.93 | 1.67 | 10.7
DeMarcusCousins | 48 | 35.9 | 8.5 | 18.0 | 0.47 | 2.2 | 6.1 | 0.354 | 6.1 | 8.2 | 0.746 | 12.9 | 5.3 | 1.67 | 1.58 | 5.02 | 3.81 | 25.2
JacobEvans | 0.0 | 0.0 | 0.0 | 0.0 | 0.0 | 0.0 | 0.0 | 0.0 | 0.0 | 0.0 | 0.0 | 0.0 | 0.0 | 0.0 | 0.0 | 0.0 | 0.0 | 0.0
KevinDurant | 69 | 34.1 | 9.2 | 17.9 | 0.516 | 2.6 | 6.1 | 0.418 | 5.2 | 5.9 | 0.889 | 6.8 | 5.4 | 0.75 | 1.72 | 3.04 | 1.97 | 26.2
KevinLove | 59 | 27.9 | 5.7 | 12.4 | 0.45799999999999996 | 2.3 | 5.6 | 0.415 | 4.0 | 4.5 | 0.88 | 9.2 | 1.7 | 0.73 | 0.41 | 1.53 | 2.03 | 17.6
GeorgeHill | 67 | 27.0 | 3.5 | 7.6 | 0.461 | 1.3 | 3.0 | 0.41700000000000004 | 1.6 | 2.1 | 0.7859999999999999 | 2.7 | 2.8 | 0.93 | 0.39 | 1.33 | 1.91 | 10.0
TristanThompson | 53 | 20.0 | 2.5 | 4.5 | 0.557 | 0 | 0 | 0.0 | 0.8 | 1.5 | 0.544 | 6.6 | 0.6 | 0.30 | 0.34 | 0.68 | 1.92 | 5.8
JRJRSmith | 80 | 28.0 | 3.0 | 7.4 | 0.40399999999999997 | 1.8 | 4.8 | 0.375 | 0.5 | 0.7 | 0.696 | 2.9 | 1.8 | 0.85 | 0.12 | 1.01 | 2.01 | 8.3
JordanClarkson | 81 | 23.2 | 5.3 | 11.8 | 0.451 | 1.4 | 3.9 | 0.35200000000000004 | 1.9 | 2.3 | 0.8 | 2.7 | 2.7 | 0.72 | 0.07 | 1.57 | 1.32 | 13.9
KyleKorver | 73 | 21.4 | 3.0 | 6.6 | 0.45899999999999996 | 2.2 | 5.2 | 0.436 | 0.9 | 1.0 | 0.889 | 2.2 | 1.2 | 0.42 | 0.37 | 0.75 | 1.78 | 9.2
CediOsman | 61 | 10.9 | 1.5 | 3.0 | 0.484 | 0.5 | 1.4 | 0.368 | 0.4 | 0.8 | 0.565 | 2.0 | 0.7 | 0.36 | 0.05 | 0.52 | 1.28 | 3.9
RodneyHood | 60 | 26.8 | 5.4 | 12.5 | 0.429 | 2.1 | 5.5 | 0.381 | 1.9 | 2.1 | 0.86 | 2.8 | 1.6 | 0.75 | 0.20 | 1.18 | 1.75 | 14.7
AnteZizic | 32 | 6.6 | 1.5 | 2.1 | 0.731 | 0 | 0 | 0.0 | 0.7 | 0.9 | 0.7240000000000001 | 1.9 | 0.2 | 0.06 | 0.38 | 0.34 | 0.94 | 3.7
LarryNanceJr | 66 | 21.5 | 3.6 | 6.3 | 0.58 | 0.0 | 0.2 | 0.16699999999999998 | 1.4 | 2.1 | 0.664 | 6.8 | 1.2 | 1.35 | 0.59 | 0.77 | 2.61 | 8.7
JohnHolland | 24 | 7.3 | 0.7 | 2.5 | 0.28800000000000003 | 0.5 | 1.5 | 0.306 | 0.4 | 0.5 | 0.6920000000000001 | 1 | 0.2 | 0.29 | 0.08 | 0.33 | 0.42 | 2.2
BillyPreston | 0.0 | 0.0 | 0.0 | 0.0 | 0.0 | 0.0 | 0.0 | 0.0 | 0.0 | 0.0 | 0.0 | 0.0 | 0.0 | 0.0 | 0.0 | 0.0 | 0.0 | 0.0
KendrickPerkins | 1 | 15.0 | 1 | 2.0 | 0.5 | 0 | 0 | 0.0 | 1 | 2.0 | 0.5 | 1 | 2.0 | 1 | 0 | 1 | 1 | 3.0
OkaroWhite | 6 | 12.7 | 1.2 | 2.7 | 0.43799999999999994 | 0.7 | 1.8 | 0.364 | 0.3 | 0.5 | 0.667 | 1.8 | 0.3 | 0.17 | 0.17 | 0.17 | 1 | 3.3
CollinSexton | 0.0 | 0.0 | 0.0 | 0.0 | 0.0 | 0.0 | 0.0 | 0.0 | 0.0 | 0.0 | 0.0 | 0.0 | 0.0 | 0.0 | 0.0 | 0.0 | 0.0 | 0.0
NicolasBatum | 64 | 30.9 | 4.2 | 10.2 | 0.415 | 1.4 | 4.3 | 0.336 | 1.7 | 2.0 | 0.831 | 4.8 | 5.5 | 1.02 | 0.36 | 2.05 | 1.12 | 11.6
BismackBiyombo | 82 | 18.1 | 2.2 | 4.3 | 0.521 | 0 | 0.0 | 0.0 | 1.2 | 1.9 | 0.65 | 5.7 | 0.8 | 0.26 | 1.16 | 1.02 | 1.93 | 5.7
MarvinWilliams | 78 | 25.6 | 3.3 | 7.2 | 0.45799999999999996 | 1.6 | 3.9 | 0.41200000000000003 | 1.3 | 1.6 | 0.8290000000000001 | 4.7 | 1.2 | 0.72 | 0.50 | 0.85 | 1.49 | 9.5
MichaelKiddGilchrist | 74 | 24.9 | 3.8 | 7.6 | 0.504 | 0 | 0.0 | 0.0 | 1.6 | 2.3 | 0.684 | 4.1 | 1.0 | 0.69 | 0.42 | 0.72 | 1.93 | 9.2
CodyZeller | 33 | 18.8 | 2.6 | 4.7 | 0.552 | 0.1 | 0.1 | 0.667 | 1.8 | 2.6 | 0.718 | 5.3 | 0.9 | 0.42 | 0.64 | 1 | 2.45 | 7.1
KembaWalker | 81 | 33.9 | 7.3 | 17.0 | 0.43200000000000005 | 2.9 | 7.5 | 0.38299999999999995 | 4.5 | 5.2 | 0.8640000000000001 | 3.1 | 5.5 | 1.14 | 0.30 | 2.21 | 1.21 | 22.0
JeremyLamb | 80 | 24.5 | 4.8 | 10.4 | 0.457 | 1.2 | 3.2 | 0.37200000000000005 | 2.2 | 2.6 | 0.861 | 4.0 | 2.4 | 0.76 | 0.40 | 1.16 | 1.73 | 12.9
MalikMonk | 63 | 13.4 | 2.4 | 6.7 | 0.36 | 1.3 | 3.9 | 0.342 | 0.5 | 0.6 | 0.8420000000000001 | 1.1 | 1.4 | 0.32 | 0.14 | 0.78 | 0.95 | 6.7
FrankKaminsky | 79 | 23.2 | 3.9 | 9.1 | 0.429 | 1.3 | 3.5 | 0.38 | 2.0 | 2.5 | 0.799 | 3.7 | 1.6 | 0.46 | 0.28 | 0.82 | 1.20 | 11.1
WillyHernangomez | 48 | 10.2 | 1.9 | 3.4 | 0.552 | 0.1 | 0.2 | 0.41700000000000004 | 1.2 | 1.9 | 0.6559999999999999 | 3.8 | 0.7 | 0.38 | 0.33 | 0.71 | 1.33 | 5.1
DwayneBacon | 53 | 13.4 | 1.4 | 3.6 | 0.373 | 0.2 | 0.8 | 0.256 | 0.4 | 0.5 | 0.8 | 2.3 | 0.7 | 0.30 | 0.04 | 0.42 | 0.87 | 3.3
MangokMathiang | 4 | 4.8 | 1 | 1.8 | 0.5710000000000001 | 0 | 0 | 0.0 | 0 | 0.2 | 0.0 | 2.5 | 0 | 0.25 | 0 | 0 | 1.25 | 2.0
HamidouDiallo | 0.0 | 0.0 | 0.0 | 0.0 | 0.0 | 0.0 | 0.0 | 0.0 | 0.0 | 0.0 | 0.0 | 0.0 | 0.0 | 0.0 | 0.0 | 0.0 | 0.0 | 0.0
MilesBridges | 0.0 | 0.0 | 0.0 | 0.0 | 0.0 | 0.0 | 0.0 | 0.0 | 0.0 | 0.0 | 0.0 | 0.0 | 0.0 | 0.0 | 0.0 | 0.0 | 0.0 | 0.0
DevonteGraham | 0.0 | 0.0 | 0.0 | 0.0 | 0.0 | 0.0 | 0.0 | 0.0 | 0.0 | 0.0 | 0.0 | 0.0 | 0.0 | 0.0 | 0.0 | 0.0 | 0.0 | 0.0
TonyParker | 55 | 19.4 | 3.2 | 7.1 | 0.45899999999999996 | 0.2 | 0.7 | 0.27 | 1 | 1.4 | 0.705 | 1.7 | 3.5 | 0.51 | 0.02 | 1.24 | 0.95 | 7.7
ArnoldasKulboka | 0.0 | 0.0 | 0.0 | 0.0 | 0.0 | 0.0 | 0.0 | 0.0 | 0.0 | 0.0 | 0.0 | 0.0 | 0.0 | 0.0 | 0.0 | 0.0 | 0.0 | 0.0
JPMacura | 0.0 | 0.0 | 0.0 | 0.0 | 0.0 | 0.0 | 0.0 | 0.0 | 0.0 | 0.0 | 0.0 | 0.0 | 0.0 | 0.0 | 0.0 | 0.0 | 0.0 | 0.0
RudyGobert | 56 | 32.3 | 4.9 | 7.9 | 0.623 | 0 | 0 | 0.0 | 3.6 | 5.3 | 0.682 | 10.7 | 1.4 | 0.79 | 2.30 | 1.91 | 2.73 | 13.5
JoeIngles | 82 | 31.3 | 4.1 | 8.8 | 0.467 | 2.5 | 5.7 | 0.44 | 0.8 | 1.0 | 0.795 | 4.2 | 4.8 | 1.11 | 0.24 | 1.93 | 2.17 | 11.5
RickyRubio | 77 | 29.1 | 4.5 | 10.7 | 0.418 | 1.2 | 3.5 | 0.35200000000000004 | 2.9 | 3.3 | 0.866 | 4.6 | 5.3 | 1.57 | 0.14 | 2.70 | 2.68 | 13.1
AlecBurks | 64 | 16.4 | 2.7 | 6.5 | 0.41100000000000003 | 0.7 | 2.2 | 0.331 | 1.7 | 1.9 | 0.863 | 3.0 | 1.0 | 0.59 | 0.12 | 0.94 | 1.17 | 7.7
JaeCrowder | 80 | 26.0 | 3.4 | 8.4 | 0.40399999999999997 | 1.4 | 4.3 | 0.32299999999999995 | 1.5 | 1.9 | 0.818 | 3.4 | 1.2 | 0.80 | 0.26 | 0.93 | 2.34 | 9.7
ThaboSefolosha | 38 | 20.9 | 3.1 | 6.3 | 0.49200000000000005 | 0.8 | 2.2 | 0.381 | 1.2 | 1.4 | 0.815 | 4.2 | 0.9 | 1.34 | 0.32 | 0.79 | 1.55 | 8.2
DanteExum | 14 | 16.7 | 3.0 | 6.2 | 0.483 | 0.4 | 1.3 | 0.278 | 1.8 | 2.2 | 0.8059999999999999 | 1.9 | 3.1 | 0.57 | 0.21 | 1.43 | 1.43 | 8.1
EkpeUdoh | 63 | 12.7 | 1.0 | 1.9 | 0.5 | 0 | 0.0 | 0.0 | 0.7 | 0.9 | 0.75 | 2.4 | 0.8 | 0.68 | 1.17 | 0.32 | 1.67 | 2.6
DonovanMitchell | 80 | 33.1 | 7.5 | 17.1 | 0.436 | 2.4 | 7.0 | 0.33799999999999997 | 3.0 | 3.7 | 0.805 | 3.7 | 3.7 | 1.54 | 0.36 | 2.75 | 2.67 | 20.3
TonyBradley | 9 | 3.0 | 0.3 | 1.2 | 0.273 | 0 | 0.1 | 0.0 | 0.2 | 0.2 | 1.0 | 1.2 | 0.1 | 0 | 0 | 0 | 0.11 | 0.9
RaulNeto | 41 | 12.0 | 1.7 | 3.7 | 0.457 | 0.5 | 1.1 | 0.40399999999999997 | 0.6 | 0.9 | 0.743 | 1.2 | 1.8 | 0.32 | 0.10 | 0.88 | 0.93 | 4.5
RoyceONeale | 69 | 16.6 | 1.7 | 4.1 | 0.423 | 0.6 | 1.7 | 0.35600000000000004 | 0.9 | 1.1 | 0.8029999999999999 | 3.4 | 1.4 | 0.52 | 0.23 | 0.81 | 1.52 | 5.0
GeorgesNiang | 9 | 3.7 | 0.4 | 1.2 | 0.364 | 0 | 0.4 | 0.0 | 0.1 | 0.2 | 0.5 | 1 | 0.3 | 0.22 | 0 | 0.33 | 0.11 | 1
ErikMcCree | 4 | 2.0 | 0 | 0.5 | 0.0 | 0 | 0.2 | 0.0 | 0 | 0 | 0.0 | 0.2 | 0 | 0.25 | 0 | 0.25 | 0 | 0
DerrickFavors | 77 | 27.9 | 5.1 | 9.1 | 0.563 | 0.2 | 0.8 | 0.222 | 1.8 | 2.8 | 0.6509999999999999 | 7.2 | 1.3 | 0.70 | 1.06 | 1.14 | 2.13 | 12.3
GraysonAllen | 0.0 | 0.0 | 0.0 | 0.0 | 0.0 | 0.0 | 0.0 | 0.0 | 0.0 | 0.0 | 0.0 | 0.0 | 0.0 | 0.0 | 0.0 | 0.0 | 0.0 | 0.0
DavidStockton | 3 | 3.0 | 0.7 | 1 | 0.667 | 0.7 | 1 | 0.667 | 1.3 | 1.3 | 1.0 | 0 | 0 | 0 | 0 | 0.33 | 1 | 3.3
LeBronJames | 83 | 36.7 | 10.5 | 19.2 | 0.544 | 1.8 | 5.0 | 0.37 | 4.7 | 6.4 | 0.731 | 8.7 | 9.1 | 1.42 | 0.86 | 4.25 | 1.65 | 27.5
LuolDeng | 1 | 13.0 | 1 | 2.0 | 0.5 | 0 | 0 | 0.0 | 0 | 0 | 0.0 | 0 | 1 | 1 | 0 | 1 | 0 | 2.0
LonzoBall | 52 | 34.1 | 3.9 | 10.8 | 0.36 | 1.7 | 5.7 | 0.305 | 0.6 | 1.4 | 0.451 | 6.9 | 7.2 | 1.67 | 0.81 | 2.62 | 2.25 | 10.2
BrandonIngram | 60 | 33.0 | 6.0 | 12.8 | 0.47200000000000003 | 0.7 | 1.8 | 0.38299999999999995 | 3.2 | 4.7 | 0.6809999999999999 | 5.3 | 3.9 | 0.77 | 0.72 | 2.53 | 2.72 | 15.9
KyleKuzma | 78 | 30.9 | 6.1 | 13.6 | 0.451 | 2.1 | 5.7 | 0.364 | 1.9 | 2.7 | 0.7070000000000001 | 6.3 | 1.8 | 0.63 | 0.44 | 1.82 | 2.05 | 16.2
JoshHart | 63 | 23.1 | 2.8 | 6.0 | 0.469 | 1.2 | 3.1 | 0.396 | 1.0 | 1.5 | 0.7020000000000001 | 4.2 | 1.3 | 0.75 | 0.25 | 0.75 | 1.70 | 7.9
IvicaZubac | 43 | 9.5 | 1.4 | 2.8 | 0.5 | 0 | 0.0 | 0.0 | 0.9 | 1.2 | 0.765 | 2.8 | 0.6 | 0.19 | 0.35 | 0.60 | 1.09 | 3.7
GaryPaytonII | 23 | 9.4 | 1.3 | 3.2 | 0.405 | 0.3 | 1.1 | 0.24 | 0.1 | 0.4 | 0.33299999999999996 | 1.9 | 0.9 | 0.30 | 0.13 | 0.30 | 1.30 | 3.0
AlexCaruso | 37 | 15.2 | 1.4 | 3.1 | 0.431 | 0.4 | 1.2 | 0.302 | 0.6 | 0.8 | 0.7 | 1.8 | 2.0 | 0.65 | 0.24 | 1.11 | 1.41 | 3.6
TravisWear | 17 | 13.5 | 1.5 | 4.2 | 0.34700000000000003 | 1 | 2.8 | 0.36200000000000004 | 0.5 | 0.5 | 1.0 | 2.2 | 0.4 | 0.24 | 0.29 | 0.35 | 1.76 | 4.4
AndreIngram | 2 | 32.0 | 4.0 | 8.5 | 0.47100000000000003 | 2.5 | 4.5 | 0.556 | 1.5 | 1.5 | 1.0 | 3.0 | 3.5 | 1.50 | 1.50 | 1.50 | 1.50 | 12.0
MalikNewman | 0.0 | 0.0 | 0.0 | 0.0 | 0.0 | 0.0 | 0.0 | 0.0 | 0.0 | 0.0 | 0.0 | 0.0 | 0.0 | 0.0 | 0.0 | 0.0 | 0.0 | 0.0
LanceStephenson | 82 | 22.4 | 3.7 | 8.6 | 0.42700000000000005 | 0.8 | 2.8 | 0.289 | 1.0 | 1.5 | 0.6609999999999999 | 5.2 | 2.9 | 0.57 | 0.20 | 1.60 | 2.16 | 9.2
KentaviousCaldwellPope | 74 | 33.1 | 4.6 | 10.8 | 0.42700000000000005 | 2.1 | 5.6 | 0.384 | 2.1 | 2.6 | 0.789 | 5.2 | 2.2 | 1.43 | 0.22 | 1.31 | 1.96 | 13.4
IsaacBonga | 0.0 | 0.0 | 0.0 | 0.0 | 0.0 | 0.0 | 0.0 | 0.0 | 0.0 | 0.0 | 0.0 | 0.0 | 0.0 | 0.0 | 0.0 | 0.0 | 0.0 | 0.0
SviatoslavMykhailiuk | 0.0 | 0.0 | 0.0 | 0.0 | 0.0 | 0.0 | 0.0 | 0.0 | 0.0 | 0.0 | 0.0 | 0.0 | 0.0 | 0.0 | 0.0 | 0.0 | 0.0 | 0.0
RajonRondo | 65 | 26.2 | 3.6 | 7.6 | 0.46799999999999997 | 0.8 | 2.3 | 0.33299999999999996 | 0.4 | 0.7 | 0.5429999999999999 | 4.0 | 8.2 | 1.08 | 0.15 | 2.31 | 1.83 | 8.3
MoritzWagner | 0.0 | 0.0 | 0.0 | 0.0 | 0.0 | 0.0 | 0.0 | 0.0 | 0.0 | 0.0 | 0.0 | 0.0 | 0.0 | 0.0 | 0.0 | 0.0 | 0.0 | 0.0
JaValeMcGee | 65 | 9.3 | 2.1 | 3.4 | 0.621 | 0 | 0.1 | 0.0 | 0.6 | 0.8 | 0.731 | 2.6 | 0.5 | 0.32 | 0.88 | 0.42 | 1.40 | 4.8
RussellWestbrook | 81 | 36.2 | 9.4 | 21.0 | 0.44799999999999995 | 1.2 | 4.1 | 0.295 | 5.2 | 7.0 | 0.736 | 10.0 | 10.2 | 1.83 | 0.25 | 4.73 | 2.49 | 25.2
CarmeloAnthony | 78 | 32.0 | 6.1 | 15.0 | 0.40399999999999997 | 2.2 | 6.1 | 0.35700000000000004 | 1.9 | 2.5 | 0.763 | 5.8 | 1.3 | 0.60 | 0.63 | 1.28 | 2.53 | 16.2
StevenAdams | 76 | 32.6 | 5.9 | 9.4 | 0.629 | 0 | 0.0 | 0.0 | 2.1 | 3.8 | 0.5589999999999999 | 9.0 | 1.2 | 1.21 | 1.04 | 1.70 | 2.83 | 13.9
PaulGeorge | 80 | 36.4 | 7.3 | 16.9 | 0.43 | 3.1 | 7.7 | 0.401 | 4.2 | 5.1 | 0.8220000000000001 | 5.7 | 3.3 | 2.02 | 0.49 | 2.66 | 2.92 | 21.9
AndreRoberson | 39 | 26.4 | 2.2 | 4.2 | 0.537 | 0.2 | 0.9 | 0.222 | 0.3 | 1.0 | 0.316 | 4.7 | 1.2 | 1.18 | 0.90 | 0.77 | 2.28 | 5.0
AlexAbrines | 75 | 15.1 | 1.5 | 3.9 | 0.395 | 1.1 | 2.9 | 0.38 | 0.5 | 0.6 | 0.848 | 1.5 | 0.4 | 0.51 | 0.11 | 0.33 | 1.65 | 4.7
PatrickPatterson | 82 | 15.4 | 1.3 | 3.2 | 0.4 | 0.8 | 2.1 | 0.386 | 0.5 | 0.6 | 0.87 | 2.4 | 0.7 | 0.60 | 0.28 | 0.41 | 1.06 | 3.9
KyleSingler | 12 | 5.0 | 0.6 | 1.8 | 0.33299999999999996 | 0.2 | 0.4 | 0.4 | 0.6 | 1.1 | 0.5379999999999999 | 0.8 | 0.2 | 0.08 | 0 | 0.25 | 0.33 | 1.9
TerranceFerguson | 61 | 12.4 | 1.1 | 2.8 | 0.414 | 0.7 | 2.0 | 0.33299999999999996 | 0.1 | 0.2 | 0.9 | 0.8 | 0.3 | 0.41 | 0.16 | 0.18 | 1.36 | 3.1
DakariJohnson | 31 | 5.1 | 0.7 | 1.3 | 0.564 | 0 | 0 | 0.0 | 0.4 | 0.6 | 0.55 | 1.1 | 0.3 | 0.19 | 0.26 | 0.13 | 0.87 | 1.8
PJPJDozier | 2 | 1.5 | 0.5 | 1 | 0.5 | 0 | 0 | 0.0 | 0 | 0 | 0.0 | 0.5 | 0 | 0 | 0 | 0.50 | 0.50 | 1
RaymondFelton | 82 | 16.5 | 2.7 | 6.7 | 0.406 | 1.0 | 2.8 | 0.35200000000000004 | 0.4 | 0.5 | 0.818 | 1.9 | 2.5 | 0.61 | 0.17 | 0.90 | 1.11 | 6.9
DeonteBurton | 0.0 | 0.0 | 0.0 | 0.0 | 0.0 | 0.0 | 0.0 | 0.0 | 0.0 | 0.0 | 0.0 | 0.0 | 0.0 | 0.0 | 0.0 | 0.0 | 0.0 | 0.0
JeramiGrant | 81 | 20.2 | 3.0 | 5.6 | 0.535 | 0.4 | 1.4 | 0.29100000000000004 | 2.0 | 3.0 | 0.675 | 3.9 | 0.7 | 0.38 | 0.96 | 0.68 | 1.91 | 8.4
KevinHervey | 0.0 | 0.0 | 0.0 | 0.0 | 0.0 | 0.0 | 0.0 | 0.0 | 0.0 | 0.0 | 0.0 | 0.0 | 0.0 | 0.0 | 0.0 | 0.0 | 0.0 | 0.0
NerlensNoel | 29 | 16.0 | 1.9 | 3.6 | 0.524 | 0 | 0.0 | 0.0 | 0.7 | 1.0 | 0.75 | 5.8 | 0.7 | 1.07 | 0.76 | 0.90 | 2.03 | 4.5
DanielHamilton | 0.0 | 0.0 | 0.0 | 0.0 | 0.0 | 0.0 | 0.0 | 0.0 | 0.0 | 0.0 | 0.0 | 0.0 | 0.0 | 0.0 | 0.0 | 0.0 | 0.0 | 0.0
DevonHall | 0.0 | 0.0 | 0.0 | 0.0 | 0.0 | 0.0 | 0.0 | 0.0 | 0.0 | 0.0 | 0.0 | 0.0 | 0.0 | 0.0 | 0.0 | 0.0 | 0.0 | 0.0
DamianLillard | 74 | 36.2 | 8.5 | 19.3 | 0.441 | 3.1 | 8.6 | 0.36200000000000004 | 6.7 | 7.3 | 0.9159999999999999 | 4.4 | 6.5 | 1.05 | 0.36 | 2.78 | 1.58 | 26.8
CJCJMcCollum | 81 | 36.0 | 8.2 | 18.6 | 0.44299999999999995 | 2.3 | 5.9 | 0.397 | 2.6 | 3.1 | 0.836 | 4.0 | 3.4 | 0.95 | 0.43 | 1.88 | 2.07 | 21.4
EvanTurner | 79 | 25.6 | 3.3 | 7.3 | 0.447 | 0.5 | 1.7 | 0.318 | 1.2 | 1.4 | 0.85 | 3.1 | 2.2 | 0.59 | 0.35 | 1.25 | 2.06 | 8.2
MeyersLeonard | 33 | 7.6 | 1.4 | 2.4 | 0.59 | 0.3 | 0.8 | 0.423 | 0.3 | 0.3 | 0.818 | 2.1 | 0.5 | 0.21 | 0 | 0.30 | 1.09 | 3.4
MauriceHarkless | 59 | 21.3 | 2.5 | 5.0 | 0.495 | 0.8 | 2.0 | 0.415 | 0.7 | 1 | 0.7120000000000001 | 2.7 | 0.9 | 0.81 | 0.73 | 0.68 | 1.75 | 6.5
AlFarouqAminu | 69 | 29.9 | 3.3 | 8.4 | 0.395 | 1.8 | 4.9 | 0.369 | 0.9 | 1.2 | 0.738 | 7.6 | 1.2 | 1.16 | 0.57 | 1.14 | 1.97 | 9.3
NikStauskas | 41 | 12.7 | 1.5 | 3.8 | 0.39 | 1.0 | 2.4 | 0.4 | 0.5 | 0.7 | 0.7240000000000001 | 1.6 | 1.0 | 0.22 | 0.10 | 0.63 | 0.59 | 4.4
ZachCollins | 66 | 15.8 | 1.7 | 4.4 | 0.397 | 0.5 | 1.7 | 0.31 | 0.4 | 0.6 | 0.643 | 3.3 | 0.8 | 0.26 | 0.47 | 0.89 | 2.02 | 4.4
JusufNurkic | 79 | 26.4 | 6.1 | 12.0 | 0.505 | 0 | 0.1 | 0.0 | 2.2 | 3.5 | 0.63 | 9.0 | 1.8 | 0.81 | 1.41 | 2.32 | 3.13 | 14.3
ShabazzNapier | 74 | 20.6 | 3.0 | 7.2 | 0.42 | 1.1 | 2.9 | 0.376 | 1.6 | 1.9 | 0.841 | 2.3 | 2.0 | 1.09 | 0.19 | 1.22 | 1.14 | 8.7
CalebSwanigan | 27 | 6.8 | 0.9 | 2.2 | 0.4 | 0.0 | 0.3 | 0.125 | 0.4 | 0.7 | 0.667 | 2.0 | 0.5 | 0.19 | 0.11 | 0.67 | 1.37 | 2.3
JakeLayman | 34 | 4.7 | 0.4 | 1.4 | 0.298 | 0.1 | 0.6 | 0.2 | 0.1 | 0.1 | 0.667 | 0.5 | 0.3 | 0.18 | 0.12 | 0.15 | 0.38 | 1
CJCJWilcox | 0.0 | 0.0 | 0.0 | 0.0 | 0.0 | 0.0 | 0.0 | 0.0 | 0.0 | 0.0 | 0.0 | 0.0 | 0.0 | 0.0 | 0.0 | 0.0 | 0.0 | 0.0
WadeBaldwinIV | 7 | 11.6 | 2.0 | 3.0 | 0.667 | 0.6 | 0.7 | 0.8 | 0.9 | 1.4 | 0.6 | 1.1 | 0.7 | 0.29 | 0.14 | 0.57 | 1.71 | 5.4
GeorgiosPapagiannis | 17 | 6.9 | 1.1 | 2.5 | 0.429 | 0 | 0 | 0.0 | 0 | 0 | 0.0 | 2.2 | 0.5 | 0.24 | 0.35 | 0.47 | 0.71 | 2.1
AnferneeSimons | 0.0 | 0.0 | 0.0 | 0.0 | 0.0 | 0.0 | 0.0 | 0.0 | 0.0 | 0.0 | 0.0 | 0.0 | 0.0 | 0.0 | 0.0 | 0.0 | 0.0 | 0.0
SethCurry | 0.0 | 0.0 | 0.0 | 0.0 | 0.0 | 0.0 | 0.0 | 0.0 | 0.0 | 0.0 | 0.0 | 0.0 | 0.0 | 0.0 | 0.0 | 0.0 | 0.0 | 0.0
GaryTrent | 0.0 | 0.0 | 0.0 | 0.0 | 0.0 | 0.0 | 0.0 | 0.0 | 0.0 | 0.0 | 0.0 | 0.0 | 0.0 | 0.0 | 0.0 | 0.0 | 0.0 | 0.0
RobinLopez | 64 | 26.4 | 5.3 | 10.1 | 0.529 | 0.1 | 0.2 | 0.267 | 1.1 | 1.4 | 0.7559999999999999 | 4.5 | 1.9 | 0.22 | 0.83 | 1.67 | 1.70 | 11.8
OmerAsik | 17 | 10.4 | 0.5 | 1.3 | 0.409 | 0 | 0 | 0.0 | 0.2 | 0.6 | 0.364 | 2.8 | 0.2 | 0.12 | 0.24 | 0.53 | 1.12 | 1.3
CristianoFelicio | 55 | 17.7 | 2.3 | 3.9 | 0.591 | 0 | 0.0 | 0.0 | 1.0 | 1.5 | 0.667 | 4.2 | 1 | 0.29 | 0.20 | 0.98 | 1.91 | 5.6
JustinHoliday | 72 | 31.4 | 4.0 | 10.9 | 0.371 | 2.2 | 6.2 | 0.359 | 1.9 | 2.3 | 0.823 | 4.0 | 2.1 | 1.11 | 0.43 | 1.29 | 1.86 | 12.2
KrisDunn | 53 | 29.1 | 5.5 | 12.7 | 0.431 | 0.8 | 2.6 | 0.324 | 1.6 | 2.2 | 0.737 | 4.2 | 5.9 | 2.02 | 0.55 | 2.87 | 3.28 | 13.4
LauriMarkkanen | 69 | 29.5 | 5.5 | 12.6 | 0.43700000000000006 | 2.1 | 5.9 | 0.361 | 2.0 | 2.4 | 0.843 | 7.4 | 1.2 | 0.58 | 0.59 | 1.20 | 1.49 | 15.2
NoahVonleh | 54 | 16.2 | 1.9 | 4.3 | 0.444 | 0.4 | 1.2 | 0.303 | 0.7 | 1.1 | 0.621 | 5.8 | 0.6 | 0.35 | 0.31 | 0.57 | 1.26 | 4.9
ZachLaVine | 24 | 27.2 | 5.7 | 14.8 | 0.38299999999999995 | 1.8 | 5.1 | 0.341 | 3.6 | 4.5 | 0.813 | 4.0 | 3.0 | 1 | 0.17 | 1.79 | 2.29 | 16.7
CameronPayne | 25 | 23.4 | 3.5 | 8.6 | 0.405 | 1.4 | 3.6 | 0.385 | 0.5 | 0.6 | 0.75 | 2.8 | 4.5 | 1.04 | 0.36 | 1.44 | 1.76 | 8.8
DenzelValentine | 77 | 27.1 | 3.9 | 9.4 | 0.418 | 1.9 | 4.8 | 0.38799999999999996 | 0.5 | 0.7 | 0.745 | 5.1 | 3.2 | 0.84 | 0.16 | 1.30 | 2.40 | 10.2
SeanKilpatrick | 52 | 12.2 | 2.1 | 5.6 | 0.375 | 0.9 | 2.8 | 0.322 | 1.2 | 1.4 | 0.889 | 1.7 | 0.9 | 0.25 | 0.10 | 0.71 | 0.63 | 6.3
JulyanStone | 23 | 7.6 | 0.3 | 0.6 | 0.462 | 0.3 | 0.6 | 0.462 | 0.0 | 0.1 | 0.5 | 1.3 | 1.1 | 0.17 | 0.09 | 0.30 | 0.91 | 0.8
BobbyPortis | 73 | 22.5 | 5.2 | 11.1 | 0.47200000000000003 | 1.1 | 3.1 | 0.359 | 1.6 | 2.1 | 0.769 | 6.8 | 1.7 | 0.66 | 0.32 | 1.41 | 1.78 | 13.2
DavidNwaba | 70 | 23.5 | 2.9 | 6.0 | 0.478 | 0.3 | 0.7 | 0.34600000000000003 | 1.9 | 2.9 | 0.655 | 4.7 | 1.5 | 0.84 | 0.40 | 1.10 | 2.26 | 7.9
PaulZipser | 54 | 15.1 | 1.5 | 4.3 | 0.34600000000000003 | 0.7 | 2.0 | 0.336 | 0.4 | 0.5 | 0.731 | 2.4 | 0.9 | 0.37 | 0.26 | 0.80 | 1.57 | 4.0
AntonioBlakeney | 19 | 16.2 | 2.8 | 7.6 | 0.368 | 0.8 | 2.8 | 0.29600000000000004 | 1.6 | 2.1 | 0.769 | 1.7 | 1.1 | 0.37 | 0.05 | 0.58 | 1 | 8.0
RyanArcidiacono | 24 | 12.7 | 0.7 | 1.7 | 0.415 | 0.4 | 1.3 | 0.29 | 0.2 | 0.2 | 0.833 | 1.0 | 1.5 | 0.54 | 0 | 0.54 | 0.75 | 2.0
WendellCarter | 0.0 | 0.0 | 0.0 | 0.0 | 0.0 | 0.0 | 0.0 | 0.0 | 0.0 | 0.0 | 0.0 | 0.0 | 0.0 | 0.0 | 0.0 | 0.0 | 0.0 | 0.0
ChandlerHutchison | 0.0 | 0.0 | 0.0 | 0.0 | 0.0 | 0.0 | 0.0 | 0.0 | 0.0 | 0.0 | 0.0 | 0.0 | 0.0 | 0.0 | 0.0 | 0.0 | 0.0 | 0.0
KyleLowry | 79 | 31.9 | 5.1 | 12.1 | 0.424 | 3.0 | 7.6 | 0.39399999999999996 | 2.8 | 3.3 | 0.8540000000000001 | 5.6 | 6.9 | 1.11 | 0.23 | 2.33 | 2.44 | 16.1
DeMarDeRozan | 81 | 33.7 | 8.0 | 17.6 | 0.457 | 1.1 | 3.6 | 0.31 | 5.8 | 7.0 | 0.825 | 4.0 | 5.2 | 1.09 | 0.27 | 2.20 | 1.88 | 23.0
SergeIbaka | 76 | 27.4 | 5.0 | 10.3 | 0.483 | 1.4 | 3.9 | 0.36 | 1.2 | 1.6 | 0.797 | 6.3 | 0.8 | 0.38 | 1.30 | 1.18 | 2.75 | 12.6
JonasValanciunas | 77 | 22.3 | 5.1 | 8.9 | 0.568 | 0.4 | 1.0 | 0.405 | 2.2 | 2.7 | 0.8059999999999999 | 8.6 | 1.1 | 0.38 | 0.90 | 1.49 | 2.49 | 12.7
CJCJMiles | 70 | 19.0 | 3.2 | 8.5 | 0.38 | 2.3 | 6.5 | 0.361 | 1.2 | 1.4 | 0.835 | 2.2 | 0.8 | 0.53 | 0.30 | 0.57 | 1.91 | 10.0
LucasNogueira | 49 | 8.4 | 1 | 1.6 | 0.613 | 0.1 | 0.4 | 0.25 | 0.4 | 0.6 | 0.679 | 1.8 | 0.4 | 0.47 | 0.88 | 0.33 | 1 | 2.5
JakobPoeltl | 82 | 18.5 | 3.1 | 4.7 | 0.659 | 0.0 | 0.0 | 0.5 | 0.7 | 1.2 | 0.594 | 4.8 | 0.7 | 0.49 | 1.24 | 1.04 | 2.59 | 6.9
DelonWright | 69 | 20.7 | 2.9 | 6.3 | 0.465 | 0.8 | 2.2 | 0.364 | 1.4 | 1.7 | 0.8320000000000001 | 2.9 | 2.9 | 1.04 | 0.48 | 1.13 | 1.17 | 8.1
OGOGAnunoby | 74 | 19.9 | 2.2 | 4.7 | 0.47100000000000003 | 1.0 | 2.7 | 0.371 | 0.5 | 0.8 | 0.629 | 2.5 | 0.7 | 0.70 | 0.19 | 0.61 | 1.76 | 5.9
MalachiRichardson | 26 | 12.1 | 1.2 | 3.5 | 0.33299999999999996 | 0.5 | 1.5 | 0.3 | 0.7 | 0.8 | 0.773 | 1.3 | 0.5 | 0.38 | 0.04 | 0.38 | 1.04 | 3.4
NormanPowell | 70 | 15.1 | 2.1 | 5.3 | 0.401 | 0.8 | 2.7 | 0.285 | 0.5 | 0.6 | 0.821 | 1.7 | 1.3 | 0.51 | 0.23 | 0.94 | 1.59 | 5.5
FredVanVleet | 76 | 19.9 | 3.1 | 7.2 | 0.426 | 1.4 | 3.4 | 0.414 | 1.1 | 1.3 | 0.8320000000000001 | 2.4 | 3.2 | 0.89 | 0.25 | 0.97 | 1.71 | 8.6
PascalSiakam | 81 | 20.6 | 3.1 | 6.1 | 0.508 | 0.4 | 1.6 | 0.22 | 0.6 | 1.0 | 0.612 | 4.5 | 2.0 | 0.75 | 0.52 | 0.84 | 2.05 | 7.2
AlfonzoMcKinnie | 14 | 3.6 | 0.6 | 1.1 | 0.5329999999999999 | 0.2 | 0.6 | 0.33299999999999996 | 0.1 | 0.2 | 0.667 | 0.5 | 0.1 | 0.07 | 0.07 | 0.21 | 0.57 | 1.5
MalcolmMiller | 15 | 8.5 | 0.9 | 1.9 | 0.46399999999999997 | 0.5 | 1.4 | 0.381 | 0.3 | 0.3 | 1.0 | 1.1 | 0.2 | 0.07 | 0.13 | 0.33 | 0.67 | 2.5
LaMarcusAldridge | 76 | 33.0 | 9.0 | 17.7 | 0.51 | 0.4 | 1.2 | 0.293 | 4.4 | 5.2 | 0.8370000000000001 | 8.3 | 2.0 | 0.57 | 1.18 | 1.47 | 2.12 | 22.8
KawhiLeonard | 9 | 23.4 | 5.8 | 12.3 | 0.46799999999999997 | 1.2 | 3.9 | 0.314 | 3.4 | 4.2 | 0.816 | 4.7 | 2.3 | 2.00 | 1 | 1.78 | 1 | 16.2
PauGasol | 77 | 23.4 | 3.7 | 8.1 | 0.45799999999999996 | 0.6 | 1.6 | 0.358 | 2.1 | 2.7 | 0.7559999999999999 | 8.0 | 3.1 | 0.31 | 1.03 | 1.40 | 1.57 | 10.1
PattyMills | 82 | 25.6 | 3.4 | 8.3 | 0.41 | 1.9 | 5.0 | 0.37200000000000005 | 1.3 | 1.4 | 0.89 | 1.9 | 2.8 | 0.67 | 0.13 | 1.28 | 1.56 | 10.0
DannyGreen | 70 | 25.4 | 3.1 | 8.0 | 0.387 | 1.7 | 4.6 | 0.36200000000000004 | 0.7 | 0.9 | 0.769 | 3.6 | 1.6 | 0.90 | 1.14 | 1.06 | 1.74 | 8.6
ManuGinobili | 65 | 19.8 | 3.1 | 7.1 | 0.434 | 1.0 | 3.0 | 0.33299999999999996 | 1.7 | 2.0 | 0.84 | 2.2 | 2.5 | 0.66 | 0.25 | 1.62 | 1.94 | 8.9
DerrickWhite | 17 | 8.1 | 0.9 | 1.9 | 0.485 | 0.5 | 0.8 | 0.615 | 0.8 | 1.2 | 0.7 | 1.5 | 0.5 | 0.24 | 0.18 | 0.35 | 0.47 | 3.2
BrynForbes | 80 | 18.9 | 2.6 | 6.2 | 0.42100000000000004 | 1.1 | 2.9 | 0.39 | 0.6 | 0.9 | 0.667 | 1.4 | 1 | 0.34 | 0.03 | 0.46 | 1.35 | 6.9
DejounteMurray | 81 | 21.4 | 3.3 | 7.5 | 0.445 | 0.1 | 0.4 | 0.265 | 1.3 | 1.8 | 0.7090000000000001 | 5.7 | 2.9 | 1.20 | 0.38 | 1.67 | 1.86 | 8.1
DavisBertans | 77 | 14.0 | 2.1 | 4.8 | 0.44 | 1.2 | 3.3 | 0.373 | 0.5 | 0.6 | 0.816 | 2.0 | 1.0 | 0.35 | 0.38 | 0.47 | 1.21 | 5.9
MarcoBelinelli | 80 | 24.2 | 4.2 | 9.5 | 0.442 | 1.9 | 4.9 | 0.377 | 1.9 | 2.0 | 0.9079999999999999 | 1.9 | 1.9 | 0.80 | 0.14 | 1.18 | 1.14 | 12.1
BrandonPaul | 64 | 8.8 | 0.8 | 2.0 | 0.429 | 0.2 | 0.8 | 0.278 | 0.3 | 0.7 | 0.512 | 1.1 | 0.6 | 0.39 | 0.11 | 0.48 | 0.91 | 2.3
DarrunHilliard | 14 | 6.8 | 0.4 | 1.4 | 0.263 | 0 | 0.4 | 0.0 | 0.4 | 0.5 | 0.857 | 0.5 | 0.8 | 0.14 | 0 | 0.29 | 0.50 | 1.1
MattCostello | 4 | 8.0 | 0.5 | 1 | 0.5 | 0 | 0 | 0.0 | 0 | 0 | 0.0 | 2.2 | 0.5 | 0.50 | 0.50 | 0.25 | 1.75 | 1
ChimezieMetu | 0.0 | 0.0 | 0.0 | 0.0 | 0.0 | 0.0 | 0.0 | 0.0 | 0.0 | 0.0 | 0.0 | 0.0 | 0.0 | 0.0 | 0.0 | 0.0 | 0.0 | 0.0
RudyGay | 57 | 21.5 | 4.4 | 9.4 | 0.47100000000000003 | 0.6 | 2.1 | 0.314 | 2.0 | 2.5 | 0.772 | 5.1 | 1.3 | 0.81 | 0.67 | 1.37 | 1.72 | 11.5
LonnieWalker | 0.0 | 0.0 | 0.0 | 0.0 | 0.0 | 0.0 | 0.0 | 0.0 | 0.0 | 0.0 | 0.0 | 0.0 | 0.0 | 0.0 | 0.0 | 0.0 | 0.0 | 0.0
GiannisAntetokounmpo | 76 | 36.6 | 9.8 | 18.6 | 0.528 | 0.6 | 1.9 | 0.303 | 6.5 | 8.5 | 0.759 | 10.0 | 4.8 | 1.42 | 1.39 | 2.93 | 3.07 | 26.7
EricBledsoe | 74 | 31.3 | 6.3 | 13.4 | 0.47200000000000003 | 1.7 | 4.9 | 0.34700000000000003 | 3.4 | 4.3 | 0.795 | 3.9 | 5.0 | 2.00 | 0.55 | 2.91 | 2.50 | 17.7
KhrisMiddleton | 82 | 36.3 | 7.2 | 15.5 | 0.467 | 1.8 | 5.0 | 0.36 | 3.9 | 4.4 | 0.884 | 5.2 | 4.0 | 1.44 | 0.26 | 2.33 | 3.29 | 20.1
JohnHenson | 76 | 25.8 | 3.8 | 6.6 | 0.573 | 0.0 | 0.1 | 0.14300000000000002 | 1.2 | 2.1 | 0.57 | 6.8 | 1.5 | 0.59 | 1.45 | 1.12 | 2.66 | 8.8
TonySnell | 75 | 27.2 | 2.5 | 5.7 | 0.435 | 1.4 | 3.6 | 0.40299999999999997 | 0.5 | 0.6 | 0.792 | 1.9 | 1.3 | 0.63 | 0.37 | 0.49 | 1.53 | 6.9
MatthewDellavedova | 38 | 18.6 | 1.4 | 4.0 | 0.36200000000000004 | 0.8 | 2.1 | 0.37200000000000005 | 0.7 | 0.7 | 0.9259999999999999 | 1.7 | 3.8 | 0.34 | 0.03 | 1.29 | 1.76 | 4.3
JabariParker | 31 | 23.9 | 5.2 | 10.7 | 0.48200000000000004 | 1 | 2.6 | 0.38299999999999995 | 1.3 | 1.7 | 0.741 | 4.8 | 1.9 | 0.81 | 0.32 | 1.45 | 1.61 | 12.6
ThonMaker | 74 | 16.6 | 1.8 | 4.3 | 0.41100000000000003 | 0.4 | 1.4 | 0.298 | 0.9 | 1.3 | 0.6990000000000001 | 3.0 | 0.6 | 0.53 | 0.72 | 0.59 | 2.19 | 4.8
DJDJWilson | 22 | 3.2 | 0.4 | 0.7 | 0.562 | 0.1 | 0.2 | 0.4 | 0.0 | 0.1 | 0.5 | 0.5 | 0.1 | 0.14 | 0.05 | 0.18 | 0.32 | 1.0
TylerZeller | 66 | 16.8 | 2.8 | 5.1 | 0.56 | 0.2 | 0.4 | 0.35700000000000004 | 0.9 | 1.2 | 0.722 | 4.6 | 0.7 | 0.23 | 0.53 | 0.71 | 1.91 | 6.7
SterlingBrown | 54 | 14.3 | 1.5 | 3.8 | 0.4 | 0.6 | 1.7 | 0.35200000000000004 | 0.4 | 0.4 | 0.875 | 2.6 | 0.5 | 0.57 | 0.24 | 0.46 | 1.48 | 4.0
MalcolmBrogdon | 48 | 29.9 | 5.1 | 10.5 | 0.485 | 1.3 | 3.4 | 0.385 | 1.6 | 1.8 | 0.882 | 3.2 | 3.2 | 0.85 | 0.27 | 1.38 | 2.67 | 13.0
BrandonJennings | 14 | 14.8 | 1.9 | 5.1 | 0.375 | 0.6 | 2.4 | 0.273 | 0.7 | 0.7 | 1.0 | 2.2 | 3.1 | 0.43 | 0.29 | 1.29 | 0.79 | 5.2
MarshallPlumlee | 8 | 6.5 | 0.1 | 0.4 | 0.33299999999999996 | 0 | 0 | 0.0 | 1.5 | 2.0 | 0.75 | 2.1 | 0.2 | 0 | 0.12 | 0.38 | 1.25 | 1.8
XavierMunford | 4 | 3.2 | 0 | 0.5 | 0.0 | 0 | 0.5 | 0.0 | 0 | 0 | 0.0 | 0 | 1 | 0 | 0 | 0 | 0.75 | 0
ErsanIlyasova | 69 | 25.0 | 4.0 | 8.9 | 0.452 | 1.3 | 3.7 | 0.36 | 1.5 | 2.0 | 0.778 | 5.9 | 1.3 | 0.88 | 0.39 | 1.04 | 2.28 | 10.9
DonteDiVincenzo | 0.0 | 0.0 | 0.0 | 0.0 | 0.0 | 0.0 | 0.0 | 0.0 | 0.0 | 0.0 | 0.0 | 0.0 | 0.0 | 0.0 | 0.0 | 0.0 | 0.0 | 0.0
BrookLopez | 74 | 23.3 | 5.0 | 10.7 | 0.465 | 1.5 | 4.4 | 0.345 | 1.5 | 2.1 | 0.703 | 4.0 | 1.7 | 0.39 | 1.32 | 1.32 | 2.64 | 13.0
GordonHayward | 1 | 5.0 | 1 | 2.0 | 0.5 | 0 | 1 | 0.0 | 0 | 0 | 0.0 | 1 | 0 | 0 | 0 | 0 | 1 | 2.0
AlHorford | 73 | 31.3 | 5.1 | 10.4 | 0.489 | 1.3 | 3.1 | 0.425 | 1.3 | 1.7 | 0.787 | 7.3 | 4.7 | 0.60 | 1.08 | 1.79 | 1.89 | 12.8
KyrieIrving | 61 | 32.0 | 8.9 | 18.1 | 0.49 | 2.7 | 6.8 | 0.405 | 3.8 | 4.3 | 0.889 | 3.8 | 5.2 | 1.08 | 0.28 | 2.31 | 2.03 | 24.2
JaysonTatum | 81 | 30.3 | 5.0 | 10.5 | 0.47600000000000003 | 1.3 | 3.0 | 0.429 | 2.6 | 3.2 | 0.826 | 5.0 | 1.6 | 1.05 | 0.73 | 1.43 | 2.11 | 13.9
MarcusMorris | 54 | 26.7 | 4.9 | 11.3 | 0.429 | 1.6 | 4.3 | 0.368 | 2.3 | 2.9 | 0.805 | 5.4 | 1.3 | 0.65 | 0.22 | 1.20 | 1.85 | 13.6
JaylenBrown | 71 | 30.5 | 5.5 | 11.6 | 0.47100000000000003 | 1.7 | 4.4 | 0.395 | 2.2 | 3.3 | 0.65 | 5.0 | 1.6 | 1 | 0.37 | 1.75 | 2.55 | 14.8
MarcusSmart | 54 | 29.8 | 3.5 | 9.5 | 0.36700000000000005 | 1.4 | 4.6 | 0.301 | 1.8 | 2.5 | 0.7290000000000001 | 3.5 | 4.8 | 1.31 | 0.43 | 2.39 | 2.46 | 10.2
GuerschonYabusele | 33 | 7.1 | 0.8 | 1.8 | 0.426 | 0.4 | 1.1 | 0.324 | 0.5 | 0.7 | 0.682 | 1.6 | 0.5 | 0.12 | 0.15 | 0.36 | 0.70 | 2.4
TerryRozier | 80 | 25.7 | 4.0 | 10.0 | 0.395 | 1.9 | 5.0 | 0.381 | 1.4 | 1.9 | 0.772 | 4.7 | 2.9 | 0.99 | 0.25 | 1 | 1.54 | 11.2
SemiOjeleye | 73 | 15.6 | 0.9 | 2.6 | 0.348 | 0.5 | 1.7 | 0.32 | 0.3 | 0.6 | 0.61 | 2.2 | 0.3 | 0.29 | 0.05 | 0.34 | 1.25 | 2.7
AbdelNader | 48 | 10.8 | 1.0 | 3.1 | 0.336 | 0.5 | 1.4 | 0.354 | 0.5 | 0.8 | 0.59 | 1.5 | 0.5 | 0.31 | 0.21 | 0.71 | 0.94 | 3.0
DanielTheis | 63 | 14.7 | 2.0 | 3.7 | 0.541 | 0.3 | 0.9 | 0.31 | 1.0 | 1.3 | 0.753 | 4.3 | 0.9 | 0.48 | 0.75 | 0.89 | 2.49 | 5.3
KadeemAllen | 18 | 5.9 | 0.3 | 1.2 | 0.273 | 0 | 0.6 | 0.0 | 0.4 | 0.5 | 0.778 | 0.6 | 0.7 | 0.17 | 0.11 | 0.50 | 0.83 | 1.1
JabariBird | 13 | 8.7 | 1.2 | 2.1 | 0.556 | 0.2 | 0.5 | 0.429 | 0.5 | 1 | 0.462 | 1.5 | 0.6 | 0.23 | 0.08 | 0.62 | 0.54 | 3.0
XavierSilas | 2 | 3.5 | 0 | 1.5 | 0.0 | 0 | 1 | 0.0 | 0 | 0 | 0.0 | 1 | 0 | 0.50 | 0 | 0 | 0.50 | 0
JonathanGibson | 4 | 10.0 | 3.5 | 5.8 | 0.609 | 1.5 | 3.0 | 0.5 | 0 | 0 | 0.0 | 0.8 | 1 | 0 | 0 | 0.75 | 1.25 | 8.5
BradleyWanamaker | 0.0 | 0.0 | 0.0 | 0.0 | 0.0 | 0.0 | 0.0 | 0.0 | 0.0 | 0.0 | 0.0 | 0.0 | 0.0 | 0.0 | 0.0 | 0.0 | 0.0 | 0.0
AronBaynes | 81 | 18.3 | 2.6 | 5.5 | 0.47100000000000003 | 0.0 | 0.3 | 0.14300000000000002 | 0.7 | 1.0 | 0.7559999999999999 | 5.3 | 1.1 | 0.27 | 0.64 | 0.99 | 2.47 | 6.0
RobertWilliams | 0.0 | 0.0 | 0.0 | 0.0 | 0.0 | 0.0 | 0.0 | 0.0 | 0.0 | 0.0 | 0.0 | 0.0 | 0.0 | 0.0 | 0.0 | 0.0 | 0.0 | 0.0
DaniloGallinari | 22 | 30.3 | 4.6 | 11.6 | 0.39799999999999996 | 1.6 | 5.0 | 0.324 | 3.7 | 4.0 | 0.9309999999999999 | 4.6 | 1.9 | 0.55 | 0.45 | 1.18 | 1.36 | 14.6
TobiasHarris | 80 | 33.3 | 7.0 | 15.3 | 0.46 | 2.3 | 5.5 | 0.41 | 2.2 | 2.7 | 0.8290000000000001 | 5.5 | 2.4 | 0.88 | 0.44 | 1.30 | 2.05 | 18.5
MarcinGortat | 82 | 25.2 | 3.5 | 6.8 | 0.518 | 0 | 0 | 0.0 | 1.3 | 2.0 | 0.675 | 7.6 | 1.8 | 0.49 | 0.74 | 1.21 | 2.13 | 8.4
LouWilliams | 79 | 32.7 | 7.4 | 16.9 | 0.435 | 2.4 | 6.6 | 0.359 | 5.5 | 6.2 | 0.88 | 2.5 | 5.3 | 1.08 | 0.25 | 2.96 | 1.34 | 22.6
BobanMarjanovic | 37 | 9.0 | 2.1 | 4.0 | 0.534 | 0 | 0 | 0.0 | 2.1 | 2.6 | 0.794 | 3.9 | 0.6 | 0.27 | 0.30 | 0.97 | 1.38 | 6.4
MilosTeodosic | 45 | 25.2 | 3.4 | 8.0 | 0.419 | 2.0 | 5.2 | 0.379 | 0.9 | 1.0 | 0.848 | 2.8 | 4.6 | 0.51 | 0.11 | 2.16 | 2.29 | 9.5
PatrickBeverley | 11 | 29.9 | 4.4 | 10.8 | 0.40299999999999997 | 2.2 | 5.5 | 0.4 | 1.3 | 1.5 | 0.8240000000000001 | 4.1 | 2.9 | 1.73 | 0.45 | 2.27 | 3.09 | 12.2
SamDekker | 73 | 12.0 | 1.8 | 3.5 | 0.494 | 0.1 | 0.8 | 0.16699999999999998 | 0.5 | 0.8 | 0.6609999999999999 | 2.4 | 0.5 | 0.34 | 0.12 | 0.48 | 0.97 | 4.2
MontrezlHarrell | 76 | 17.0 | 4.6 | 7.2 | 0.636 | 0.0 | 0.1 | 0.14300000000000002 | 1.8 | 2.9 | 0.626 | 4.0 | 1.0 | 0.49 | 0.68 | 0.88 | 1.88 | 11.0
JawunEvans | 48 | 16.1 | 1.9 | 5.2 | 0.353 | 0.3 | 1.1 | 0.278 | 0.8 | 1.0 | 0.7759999999999999 | 1.8 | 2.1 | 0.79 | 0.12 | 0.94 | 2.02 | 4.8
SindariusThornwell | 73 | 15.7 | 1.4 | 3.2 | 0.429 | 0.3 | 0.8 | 0.377 | 0.8 | 1.2 | 0.67 | 1.9 | 0.9 | 0.64 | 0.36 | 0.73 | 1.71 | 3.9
CJCJWilliams | 38 | 18.5 | 2.3 | 5.2 | 0.442 | 0.6 | 2.1 | 0.282 | 0.3 | 0.4 | 0.812 | 1.5 | 1.1 | 0.82 | 0.34 | 0.53 | 1.66 | 5.5
TyroneWallace | 30 | 28.3 | 3.7 | 8.2 | 0.445 | 0.3 | 1.3 | 0.25 | 2.0 | 2.6 | 0.782 | 3.5 | 2.4 | 0.90 | 0.43 | 1.53 | 2.77 | 9.7
LucMbahaMoute | 61 | 25.5 | 2.7 | 5.7 | 0.48100000000000004 | 1.0 | 2.8 | 0.364 | 1.1 | 1.6 | 0.684 | 3.0 | 0.9 | 1.18 | 0.43 | 1.13 | 1.64 | 7.5
MikeScott | 76 | 18.4 | 3.6 | 6.9 | 0.527 | 0.9 | 2.1 | 0.405 | 0.7 | 1 | 0.6579999999999999 | 3.2 | 1.1 | 0.30 | 0.13 | 1.04 | 1.95 | 8.8
AveryBradley | 46 | 31.0 | 5.7 | 13.6 | 0.415 | 1.6 | 4.4 | 0.369 | 1.4 | 1.8 | 0.768 | 2.5 | 2.0 | 1.11 | 0.17 | 2.20 | 2.00 | 14.3
ShaiGilgeousAlexander | 0.0 | 0.0 | 0.0 | 0.0 | 0.0 | 0.0 | 0.0 | 0.0 | 0.0 | 0.0 | 0.0 | 0.0 | 0.0 | 0.0 | 0.0 | 0.0 | 0.0 | 0.0
JeromeRobinson | 0.0 | 0.0 | 0.0 | 0.0 | 0.0 | 0.0 | 0.0 | 0.0 | 0.0 | 0.0 | 0.0 | 0.0 | 0.0 | 0.0 | 0.0 | 0.0 | 0.0 | 0.0
AngelDelgado | 0.0 | 0.0 | 0.0 | 0.0 | 0.0 | 0.0 | 0.0 | 0.0 | 0.0 | 0.0 | 0.0 | 0.0 | 0.0 | 0.0 | 0.0 | 0.0 | 0.0 | 0.0
RobertCovington | 80 | 31.5 | 4.3 | 10.4 | 0.413 | 2.5 | 6.9 | 0.37 | 1.4 | 1.7 | 0.853 | 5.4 | 1.9 | 1.71 | 0.90 | 1.61 | 2.98 | 12.6
WilsonChandler | 74 | 31.5 | 3.8 | 8.5 | 0.445 | 1.2 | 3.3 | 0.359 | 1.2 | 1.5 | 0.772 | 5.4 | 2.2 | 0.58 | 0.53 | 1.24 | 2.11 | 10.0
JerrydBayless | 39 | 23.6 | 2.8 | 6.7 | 0.41600000000000004 | 1.4 | 3.7 | 0.37 | 0.9 | 1.1 | 0.795 | 2.1 | 1.4 | 0.59 | 0.15 | 1.18 | 2.33 | 7.9
MarkelleFultz | 14 | 17.9 | 3.2 | 7.9 | 0.405 | 0 | 0.1 | 0.0 | 0.7 | 1.5 | 0.47600000000000003 | 3.1 | 3.8 | 0.79 | 0.29 | 1.07 | 1.57 | 7.1
BenSimmons | 82 | 33.5 | 6.7 | 12.2 | 0.547 | 0 | 0.1 | 0.0 | 2.3 | 4.2 | 0.561 | 8.1 | 8.2 | 1.77 | 0.83 | 3.44 | 2.62 | 15.7
JoelEmbiid | 65 | 29.8 | 8.0 | 16.5 | 0.485 | 1.1 | 3.4 | 0.311 | 5.5 | 7.2 | 0.769 | 10.7 | 3.1 | 0.63 | 1.75 | 3.58 | 3.28 | 22.6
DarioSaric | 79 | 29.4 | 5.2 | 11.4 | 0.456 | 2.0 | 5.1 | 0.397 | 2.3 | 2.6 | 0.86 | 6.6 | 2.6 | 0.65 | 0.27 | 1.90 | 2.03 | 14.7
JustinAnderson | 38 | 13.6 | 2.3 | 5.3 | 0.431 | 0.9 | 2.7 | 0.33 | 0.7 | 1 | 0.737 | 2.4 | 0.7 | 0.39 | 0.21 | 0.42 | 1.42 | 6.2
RichaunHolmes | 48 | 15.5 | 2.8 | 5.0 | 0.5579999999999999 | 0.1 | 0.6 | 0.129 | 0.8 | 1.2 | 0.6609999999999999 | 4.4 | 1.3 | 0.42 | 0.58 | 0.52 | 2.02 | 6.5
TJTJMcConnell | 76 | 22.3 | 2.8 | 5.6 | 0.498 | 0.4 | 0.8 | 0.429 | 0.4 | 0.5 | 0.795 | 3.0 | 4.0 | 1.21 | 0.17 | 1.50 | 1.61 | 6.3
FurkanKorkmaz | 14 | 5.6 | 0.6 | 2.0 | 0.28600000000000003 | 0.4 | 1.2 | 0.294 | 0.1 | 0.3 | 0.5 | 0.8 | 0.3 | 0.14 | 0.07 | 0.14 | 0.86 | 1.6
TimotheLuwawuCabarrot | 52 | 15.4 | 1.9 | 5.1 | 0.375 | 1.0 | 3.0 | 0.335 | 0.9 | 1.1 | 0.7929999999999999 | 1.4 | 1.0 | 0.23 | 0.10 | 0.73 | 1.87 | 5.8
DemetriusJackson | 15 | 5.0 | 0.5 | 1.2 | 0.389 | 0.1 | 0.5 | 0.14300000000000002 | 0.1 | 0.1 | 0.5 | 0.8 | 0.6 | 0.33 | 0.07 | 0.73 | 0.47 | 1.1
NemanjaBjelica | 67 | 20.4 | 2.6 | 5.5 | 0.462 | 1.1 | 2.7 | 0.415 | 0.5 | 0.7 | 0.8 | 4.1 | 1.3 | 0.76 | 0.24 | 0.78 | 2.10 | 6.8
AmirJohnson | 74 | 15.8 | 1.9 | 3.5 | 0.536 | 0.1 | 0.4 | 0.312 | 0.7 | 1.1 | 0.612 | 4.4 | 1.6 | 0.61 | 0.59 | 0.76 | 2.59 | 4.6
ShakeMilton | 0.0 | 0.0 | 0.0 | 0.0 | 0.0 | 0.0 | 0.0 | 0.0 | 0.0 | 0.0 | 0.0 | 0.0 | 0.0 | 0.0 | 0.0 | 0.0 | 0.0 | 0.0
ZhaireSmith | 0.0 | 0.0 | 0.0 | 0.0 | 0.0 | 0.0 | 0.0 | 0.0 | 0.0 | 0.0 | 0.0 | 0.0 | 0.0 | 0.0 | 0.0 | 0.0 | 0.0 | 0.0
JJJJRedick | 70 | 30.0 | 5.8 | 12.6 | 0.45899999999999996 | 2.8 | 6.6 | 0.42 | 2.8 | 3.1 | 0.904 | 2.6 | 3.0 | 0.50 | 0.09 | 1.47 | 1.76 | 17.1
LandryShamet | 0.0 | 0.0 | 0.0 | 0.0 | 0.0 | 0.0 | 0.0 | 0.0 | 0.0 | 0.0 | 0.0 | 0.0 | 0.0 | 0.0 | 0.0 | 0.0 | 0.0 | 0.0
